Time (s),Linear Acceleration x (m/s^2),Linear Acceleration y (m/s^2),Linear Acceleration z (m/s^2),Absolute acceleration (m/s^2)
0.068072204,0.514107525348663,-0.104282379150391,-0.244649291038513,0.57882176689119
0.072826839,0.428605675697327,-0.0774507522583008,-0.189317941665649,0.474913389263618
0.077581527,0.286099851131439,-0.0305709838867188,-0.141932725906372,0.320831121552207
0.082336162,0.0724981874227524,-0.0252370834350586,-0.0654876232147217,0.100903549760184
0.087090798,-0.0987280160188675,-0.0161733627319336,-0.0222725868225098,0.102493253108908
0.091845485,-0.149368792772293,-0.0278139114379883,0.0616943836212158,0.163984288558795
0.096600121,-0.130692049860954,-0.0476875305175781,0.175634384155273,0.224057915194544
0.101354756,-0.118369162082672,-0.0218296051025391,0.231569051742554,0.260982788543674
0.106109444,-0.120897889137268,0.0382194519042969,0.240115404129028,0.27153716762491
0.110864079,-0.103858008980751,0.0498857498168945,0.264684915542603,0.288674866554112
0.115618714,-0.0252366662025452,0.0633249282836914,0.295622825622559,0.303380604014527
0.12037335,0.0895097404718399,0.0512914657592773,0.219410181045532,0.242453367981359
0.125128037,0.189359039068222,0.0354185104370117,0.138678073883057,0.23736664621284
0.129882673,0.275559663772583,0.0796222686767578,0.0986478328704834,0.303321988813432
0.134637308,0.324035286903381,0.124286651611328,0.0401067733764648,0.34936312369508
0.139391996,0.279409319162369,0.14437198638916,-0.0271944999694824,0.31567765032913
0.144146631,0.241580680012703,0.118050575256348,-0.117019176483154,0.2932416255216
0.148901319,0.235566973686218,0.0516481399536133,-0.171294450759888,0.295805879443738
0.153655954,0.310893416404724,-0.0604381561279297,-0.156982183456421,0.353483935989587
0.158410589,0.331252306699753,-0.124680519104004,-0.111175775527954,0.370989724388955
0.163165225,0.270971894264221,-0.13603687286377,-0.104070901870728,0.320565985213466
0.167919912,0.234100043773651,-0.100971221923828,-0.113514184951782,0.279076133585235
0.172674548,0.302907317876816,-0.0579805374145508,-0.124926090240479,0.332747823381279
0.177429183,0.381393641233444,-0.0465641021728516,-0.140630006790161,0.409152934725232
0.182183871,0.425443023443222,-0.0448341369628906,-0.160570621490479,0.456940685997161
0.186938506,0.43853497505188,-0.071040153503418,-0.175424098968506,0.477632957669856
0.191693194,0.395979791879654,-0.0779609680175781,-0.187680006027222,0.445086163314105
0.196447829,0.341134905815125,-0.0731410980224609,-0.213638544082642,0.409101542044485
0.201202464,0.316153943538666,-0.0522451400756836,-0.169213533401489,0.362375620817398
0.205957152,0.241081118583679,-0.0296249389648438,-0.186647176742554,0.306324846090216
0.210711787,0.203332901000977,-0.0192699432373047,-0.161827564239502,0.260583498881898
0.215466423,0.227424278855324,-0.00685024261474609,-0.0841960906982422,0.242606080149718
0.22022111,0.258264273405075,-0.00640964508056641,0.0170974731445313,0.258908945491341
0.224975746,0.246756047010422,0.00801944732666016,0.0459017753601074,0.251117166384229
0.229730381,0.231298178434372,0.0174636840820313,0.0505795478820801,0.237407072920609
0.234485069,0.221247538924217,0.0150241851806641,0.122888803482056,0.253530782434041
0.239239704,0.249131724238396,0.0149993896484375,0.174856424331665,0.304739834681777
0.243994339,0.267249554395676,0.0126180648803711,0.181418180465698,0.323255465676138
0.248749027,0.308554530143738,-0.00378799438476563,0.134258508682251,0.336519827242414
0.253503662,0.314073503017426,-0.031580924987793,0.135109663009644,0.343357162673652
0.258258298,0.279907137155533,-0.0846214294433594,0.159598588943481,0.333137361075569
0.263012985,0.230169951915741,-0.103843688964844,0.179136514663696,0.309599110768391
0.267767621,0.15348719060421,-0.129825592041016,0.186913967132568,0.274499240686761
0.272522308,0.0924621671438217,-0.127243995666504,0.180710554122925,0.239575856791797
0.277276944,0.0420928299427033,-0.131830215454102,0.191238880157471,0.236057877062265
0.282031579,0.0395877510309219,-0.138765335083008,0.17364239692688,0.225775752158857
0.286786266,0.0182908028364182,-0.101031303405762,0.130717277526855,0.166219386295043
0.291540902,0.0772712379693985,-0.0499897003173828,0.121782541275024,0.152646001305466
0.296295537,0.144722521305084,-0.00929355621337891,0.0849089622497559,0.168049130406326
0.301050225,0.161883428692818,0.0189037322998047,0.0582265853881836,0.173072039411838
0.30580486,0.127265512943268,0.034846305847168,0.0320827960968018,0.135794262107412
0.310559496,0.0814856439828873,0.0223169326782227,-0.0242378711700439,0.0878944256385228
0.315314183,0.10939747095108,-0.0135107040405273,-0.0443933010101318,0.118832280752072
0.320068819,0.183989182114601,-0.0487680435180664,-0.00769734382629395,0.190498268511186
0.324823506,0.210553094744682,-0.0246362686157227,-0.0704102516174316,0.223376710895964
0.329578141,0.178146049380302,0.0108499526977539,-0.127328872680664,0.21924045749241
0.334332777,0.0922449380159378,0.036346435546875,-0.11974573135376,0.155464568773641
0.339087464,0.0289033651351929,0.0591182708740234,-0.0935182571411133,0.11435050890129
0.3438421,-0.0689268559217453,0.0462303161621094,-0.067765474319458,0.107146223029311
0.348596735,-0.151200205087662,0.0523891448974609,-0.0541436672210693,0.168930936248468
0.353351423,-0.21354866027832,0.0514383316040039,-0.097477912902832,0.240314118954258
0.358106058,-0.235118687152863,0.0316896438598633,-0.156873226165771,0.284419126755055
0.362860694,-0.18817064166069,0.01934814453125,-0.128353834152222,0.228598442298661
0.367615381,-0.139710709452629,-0.00696754455566406,-0.137999057769775,0.196497758150667
0.372370016,-0.117969870567322,0.00720310211181641,-0.164105176925659,0.202235714292767
0.377124704,-0.10844586789608,0.0329828262329102,-0.142690420150757,0.182233172317347
0.381879339,-0.106222689151764,0.00413703918457031,-0.11215353012085,0.154527632164656
0.386633975,-0.120660573244095,0.0346946716308594,-0.0324747562408447,0.12968154829454
0.391388662,-0.113709151744843,0.0506916046142578,0.00128698348999023,0.124503278251632
0.396143298,-0.137648910284042,0.0499467849731445,-0.0243701934814453,0.148444636689444
0.400897985,-0.147199064493179,0.0232515335083008,-0.0993545055389404,0.179107554751446
0.405652621,-0.135457247495651,0.0536060333251953,-0.0931408405303955,0.172908903422203
0.410407256,-0.0649248361587524,0.0481653213500977,-0.0539951324462891,0.0972142317713375
0.415161944,0.0471667125821114,0.0735311508178711,0.0176877975463867,0.0891312913540804
0.419916579,0.158009648323059,0.0702114105224609,0.0153448581695557,0.17358616247551
0.424671214,0.173072427511215,0.0763816833496094,-0.0152781009674072,0.189793696115322
0.429425902,0.190525144338608,0.0517683029174805,0.00405120849609375,0.19747455558244
0.434180537,0.188952922821045,0.0132637023925781,0.0680778026580811,0.201280202847988
0.438935225,0.168601959943771,-0.0224399566650391,0.0817627906799316,0.18872023339266
0.44368986,0.162822380661964,-0.029383659362793,0.0693964958190918,0.179416835090656
0.448444496,0.171420335769653,0.00157928466796875,0.0525054931640625,0.179288182733399
0.453199183,0.111397325992584,0.0203647613525391,0.0523743629455566,0.124768432053933
0.457953819,0.085113599896431,0.0176362991333008,0.0475785732269287,0.0990912940916568
0.462708506,0.0969766974449158,0.00547504425048828,0.0949001312255859,0.135795768945505
0.467463141,0.139556676149368,-0.0302581787109375,0.118219375610352,0.185384584058287
0.472217777,0.134567588567734,-0.0751209259033203,0.143836736679077,0.210809383614661
0.476972464,0.0682554394006729,-0.0887451171875,0.126590967178345,0.168996372160916
0.4817271,0.035943016409874,-0.111706733703613,0.135579347610474,0.179309939160806
0.486481787,0.00863438844680786,-0.117918968200684,0.161282777786255,0.199978924229066
0.491236423,-0.0396769866347313,-0.11464786529541,0.108762741088867,0.162934741950178
0.495991058,-0.115947023034096,-0.0854110717773438,0.0309057235717773,0.14728858435778
0.500745746,-0.212734818458557,-0.0233449935913086,0.0463149547576904,0.218966131501153
0.505500381,-0.289709031581879,0.0262413024902344,0.075843095779419,0.300619533819577
0.510255069,-0.377902507781982,0.0492582321166992,0.114675760269165,0.397978904984278
0.515009704,-0.406187802553177,0.0578031539916992,0.0893428325653076,0.41989507890086
0.519764339,-0.403721034526825,0.0402336120605469,0.0404641628265381,0.407733694624446
0.524519027,-0.316240519285202,-0.0126914978027344,0.079681396484375,0.326371360722646
0.529273662,-0.277123004198074,-0.00823688507080078,0.116166114807129,0.300598689220061
0.53402835,-0.295496046543121,0.048304557800293,0.0338754653930664,0.301328377326951
0.538782985,-0.306858152151108,0.0758676528930664,0.00218915939331055,0.316105391785627
0.543537621,-0.271007865667343,0.0818500518798828,0.0182056427001953,0.283683167763679
0.548292308,-0.261723399162293,0.0711669921875,0.0175940990447998,0.271796671736941
0.553046944,-0.278748095035553,0.0700712203979492,-0.0327982902526856,0.289285679316324
0.557801631,-0.267313599586487,0.0595340728759766,-0.0354304313659668,0.276145218723528
0.562556266,-0.180247515439987,0.00642871856689453,-0.0475831031799316,0.186533232837832
0.567310902,-0.153292968869209,-0.0390777587890625,-0.102374076843262,0.188431040824548
0.572065589,-0.195322543382645,-0.0509862899780273,-0.154322624206543,0.254098347222453
0.576820225,-0.203884482383728,-0.069920539855957,-0.136997222900391,0.255393819684519
0.581574912,-0.19584259390831,-0.0815792083740234,-0.0771384239196777,0.225742829946998
0.586329548,-0.176052004098892,-0.0504722595214844,-0.0508964061737061,0.190084721347717
0.591084183,-0.196796119213104,0.0206842422485352,-0.0461750030517578,0.203196164633007
0.595838871,-0.212660074234009,0.103120803833008,-0.04392409324646,0.24039037693698
0.600593506,-0.24040661752224,0.187251091003418,-0.0440669059753418,0.30789641932425
0.605348194,-0.234897375106812,0.18529224395752,-0.039574146270752,0.301788179947363
0.610102829,-0.217930927872658,0.150162696838379,-0.0399749279022217,0.267657840733277
0.614857464,-0.239428281784058,0.0939731597900391,-0.0688431262969971,0.266263465231966
0.619612152,-0.334688365459442,0.0430135726928711,-0.0524461269378662,0.341492409345363
0.624366787,-0.358279705047607,0.0114631652832031,-0.00296807289123535,0.358475327831635
0.629121475,-0.317706942558289,-0.0245819091796875,0.00819253921508789,0.318761806538118
0.63387611,-0.260802835226059,-0.0176210403442383,0.0145163536071777,0.261800199478176
0.638630746,-0.223280102014542,0.0391340255737305,-0.0125393867492676,0.227030200927712
0.643385433,-0.20266492664814,0.0645961761474609,-0.0418541431427002,0.216789085897744
0.648140069,-0.104112915694714,0.0946073532104492,-0.0567469596862793,0.15169135746501
0.652894756,0.0338583588600159,0.072174072265625,-0.104735612869263,0.131624594112185
0.657649391,0.189661055803299,0.0499429702758789,-0.0859503746032715,0.214133330574299
0.662404079,0.230463474988937,-0.0290336608886719,-0.0460267066955566,0.236801234156019
0.667158714,0.244973003864288,-0.0480480194091797,-0.0229902267456055,0.250696899297243
0.67191335,0.19787485897541,-0.0598125457763672,-0.0261354446411133,0.208362813173026
0.676668037,0.08491151034832,-0.0549087524414063,-0.0599327087402344,0.117545162645029
0.681422673,-0.0342070907354355,-0.00497531890869141,-0.102885484695435,0.108537098799627
0.68617736,-0.0431225374341011,-0.0503511428833008,-0.0814757347106934,0.105038498518673
0.690931996,0.0453630015254021,-0.0787296295166016,-0.0270798206329346,0.0948128322366065
0.695686631,0.116655111312866,-0.0878925323486328,0.000770092010498047,0.146061991222143
0.700441319,0.168412744998932,-0.0946197509765625,0.0331957340240479,0.196004353804545
0.705195954,0.191229701042175,-0.0775899887084961,-0.000967979431152344,0.206373307122417
0.709950641,0.168634742498398,-0.0227737426757813,-0.0489151477813721,0.177056520397971
0.714705277,0.134162396192551,0.00783729553222656,-0.0417830944061279,0.140736628961823
0.719459964,0.107029728591442,0.0357875823974609,-0.0298023223876953,0.116723143703008
0.7242146,0.00183919817209244,0.04925537109375,-0.0107467174530029,0.0504476577009669
0.728969287,-0.204517975449562,0.0910835266113281,-0.00608110427856445,0.22396604861271
0.733723923,-0.352325588464737,0.0946388244628906,0.0529558658599854,0.36863823880835
0.738478558,-0.409060329198837,0.0791864395141602,0.116254568099976,0.432569034642221
0.743233246,-0.38502761721611,0.00930690765380859,0.169487953186035,0.420783852856052
0.747987881,-0.366221785545349,-0.0173053741455078,0.118000268936157,0.38515183454236
0.752742569,-0.316946119070053,-0.0128488540649414,0.00525617599487305,0.317250000520787
0.757497204,-0.292042702436447,0.0247917175292969,-0.092310905456543,0.307286303909957
0.762251891,-0.281711339950562,-0.0114297866821289,-0.12737774848938,0.309381657327262
0.767006527,-0.307252585887909,-0.0426015853881836,-0.102836847305298,0.326794222372561
0.771761162,-0.382560133934021,-0.0592985153198242,-0.0214452743530273,0.387722155398461
0.77651585,-0.48111480474472,-0.0426616668701172,0.0641281604766846,0.487241104722098
0.781270485,-0.531581461429596,-0.049901008605957,0.0921061038970947,0.54180484971124
0.786025173,-0.581894755363464,-0.00725173950195313,0.105621099472046,0.591447301709116
0.790779808,-0.594174563884735,-0.00290489196777344,0.116602897644043,0.605514728560707
0.795534496,-0.566508173942566,0.0204057693481445,0.120326042175293,0.579505188063058
0.800289131,-0.475464463233948,-0.0110664367675781,0.154979467391968,0.500207514072085
0.805043819,-0.364248096942902,-0.0541725158691406,0.18951940536499,0.414160527588056
0.809798454,-0.351478666067123,-0.0305290222167969,0.181295394897461,0.396657653536226
0.814553089,-0.412665128707886,-0.0166044235229492,0.161453247070313,0.443435864947314
0.819307777,-0.45232892036438,0.0659923553466797,0.146641492843628,0.480062673601704
0.824062412,-0.401774376630783,0.0885896682739258,0.224493026733398,0.468687420456172
0.8288171,-0.344740569591522,0.0872669219970703,0.270915985107422,0.447053740599332
0.833571735,-0.319181680679321,0.090667724609375,0.269680261611939,0.427580431112324
0.838326423,-0.324878931045532,0.115374565124512,0.259088754653931,0.431259310511765
0.843081058,-0.295280694961548,0.0971651077270508,0.194082021713257,0.366469068447651
0.847835694,-0.237773552536964,0.0791053771972656,0.15578293800354,0.2950631233492
0.852590381,-0.164359644055367,0.0398283004760742,0.181984424591064,0.248432519824922
0.857345016,-0.13436284661293,0.0388374328613281,0.165323495864868,0.216549253118474
0.862099704,-0.0761053711175919,0.0544319152832031,0.13236665725708,0.162098096434713
0.866854339,-0.0277408510446548,0.0532827377319336,0.116355895996094,0.130947697535869
0.871609027,0.029762864112854,0.0141754150390625,0.110029697418213,0.11486211205473
0.876363662,0.0537031888961792,0.00860595703125,0.0848329067230225,0.10077061604019
0.88111835,0.139133989810944,-0.0182600021362305,0.0978052616119385,0.171048425884913
0.885872985,0.242940425872803,-0.0543947219848633,0.0585181713104248,0.255740518253533
0.890627621,0.315268188714981,-0.0641326904296875,0.0338380336761475,0.323499683648135
0.895382308,0.42981880903244,-0.0856409072875977,0.0734119415283203,0.444373589177019
0.900136944,0.574508309364319,-0.0856466293334961,0.08197021484375,0.586612528647631
0.904891631,0.647173464298248,-0.107050895690918,0.0194907188415527,0.656257019224164
0.909646266,0.603441715240479,-0.159157752990723,0.0241303443908691,0.624544127784297
0.914400954,0.686031699180603,-0.163409233093262,0.152277708053589,0.721478045480808
0.919155589,0.794331431388855,-0.158191680908203,0.163372278213501,0.826243022415015
0.923910277,0.719506919384003,-0.145987510681152,0.120179891586304,0.743939356841694
0.928664912,0.610119223594666,-0.124432563781738,0.134442806243896,0.637027313448794
0.9334196,0.516249120235443,-0.0983467102050781,0.215166807174683,0.567874972561547
0.938174235,0.425831168889999,-0.0796222686767578,0.24074912071228,0.495612781505071
0.942928871,0.279580593109131,-0.0231351852416992,0.242569208145142,0.370864349297128
0.947683558,0.0563888847827911,0.0233602523803711,0.187573194503784,0.197253925219946
0.952438194,-0.0202336311340332,0.0457162857055664,0.0999705791473389,0.111774305198625
0.957192881,-0.046524852514267,0.0465250015258789,0.0464122295379639,0.0805185240745381
0.961947516,-0.0419043600559235,-0.0285921096801758,0.0123162269592285,0.0522031950571122
0.966702204,0.00994464755058289,-0.107833862304688,0.00707435607910156,0.108522276000762
0.971456839,0.125229716300964,-0.162702560424805,-0.00746870040893555,0.205451664630408
0.976211527,0.149382054805756,-0.155459403991699,-0.0833784341812134,0.231159226235846
0.980966162,0.0735180079936981,-0.145912170410156,-0.149034738540649,0.221148394217647
0.985720798,0.109674096107483,-0.0700283050537109,-0.161779761314392,0.207617586048559
0.990475485,0.0934092700481415,-0.0185279846191406,-0.195626735687256,0.217573890116956
0.995230121,0.0941688716411591,0.0491580963134766,-0.205496549606323,0.231329044262579
0.999984808,0.0809765160083771,0.104442596435547,-0.158487915992737,0.206358599556147
1.004739444,0.0302418172359467,0.0786428451538086,-0.102632522583008,0.132788174531356
1.009494131,-0.0507532954216003,0.0483598709106445,-0.0142570734024048,0.0715390680163503
1.014248766,-0.0551011860370636,-0.00539207458496094,0.0971140861511231,0.111787123140318
1.019003454,-0.0547998547554016,-0.0729446411132813,0.117517828941345,0.148776291348608
1.023758089,-0.0451085269451141,-0.106738090515137,0.0596227645874023,0.130317586023608
1.028512777,0.019053727388382,-0.128411293029785,0.0901603698730469,0.158055044211239
1.033267412,0.0589580535888672,-0.0835161209106445,0.132575392723084,0.167413348603476
1.038022048,0.0606827735900879,-0.0556468963623047,0.167747020721436,0.186863691085937
1.042776735,-0.0110548138618469,-0.0138177871704102,0.198110938072205,0.198899683095916
1.047531371,-0.143846720457077,0.0323905944824219,0.235461115837097,0.277818225947169
1.052286058,-0.327918350696564,0.0354995727539063,0.327192544937134,0.464591891719714
1.057040694,-0.434765189886093,0.0456533432006836,0.397148013114929,0.590619625819551
1.061795381,-0.500541210174561,0.0722637176513672,0.440829515457153,0.670890609317196
1.066550016,-0.532783150672913,0.0725440979003906,0.415488839149475,0.679522999786553
1.071304704,-0.567470133304596,0.0656957626342773,0.371541619300842,0.681455398609129
1.076059339,-0.573859333992004,0.0541830062866211,0.311406970024109,0.655152374917163
1.080814027,-0.561731934547424,-0.0307712554931641,0.287474513053894,0.631768337375807
1.085568662,-0.533837556838989,-0.150600433349609,0.335145235061646,0.648062771806433
1.09032335,-0.40250763297081,-0.219609260559082,0.375578761100769,0.592705683887931
1.095077985,-0.303572207689285,-0.186067581176758,0.335457682609558,0.489192280057741
1.099832621,-0.236579746007919,-0.110134124755859,0.229576468467712,0.347569930418351
1.104587308,-0.170216798782349,-0.0206279754638672,0.148580312728882,0.226881866375567
1.109341944,-0.104489684104919,0.0349206924438477,0.0659838914871216,0.128418934666535
1.114096631,0.00332283973693848,0.0188694000244141,0.0622837543487549,0.0651641126462624
1.118851266,0.155218422412872,-0.00652503967285156,0.179690361022949,0.237537282639233
1.123605954,0.260699152946472,-0.0222349166870117,0.265506029129028,0.372762513366018
1.128360589,0.294277548789978,0.0143136978149414,0.18260657787323,0.346625619291978
1.133115277,0.123783051967621,0.0149059295654297,-0.0819079875946045,0.149175564763222
1.137869912,-0.012001633644104,-0.0532779693603516,-0.166350960731506,0.175086331178607
1.1426246,-0.0471376776695251,-0.108949661254883,0.0533475875854492,0.130145896765196
1.147379235,-0.0915626883506775,-0.121435165405273,0.211978673934937,0.260893049923189
1.152133923,-0.104625582695007,-0.0816850662231445,0.232105493545532,0.267379735081334
1.156888558,-0.105506777763367,-0.0257101058959961,0.226301789283752,0.251008345542971
1.161643246,-0.115608632564545,0.0535068511962891,0.116285085678101,0.172483507036322
1.166397881,-0.115994453430176,0.0632829666137695,0.0189616680145264,0.13348779698496
1.171152516,-0.0689409971237183,0.0398111343383789,-0.0421073436737061,0.0900600682487892
1.175907204,0.0392802357673645,-0.0356130599975586,-0.124110698699951,0.134961818660388
1.180661839,0.189236760139465,-0.0344581604003906,-0.250487208366394,0.315819185233339
1.185416527,0.250293612480164,-0.00479984283447266,-0.449497580528259,0.514507537204621
1.190171162,0.273010432720184,0.0602512359619141,-0.554503083229065,0.620998049207516
1.19492585,0.307430028915405,0.115320205688477,-0.675375103950501,0.750961719100986
1.199680485,0.325041830539703,0.146280288696289,-0.814521729946137,0.889098286476876
1.204435173,0.3426433801651,0.0987796783447266,-0.915011584758759,0.982042825475339
1.209189808,0.433863282203674,0.00195789337158203,-0.846793532371521,0.951472788605769
1.213944496,0.617235124111176,-0.134305953979492,-0.732248365879059,0.96705995524757
1.218699131,0.813805341720581,-0.205333709716797,-0.713894963264465,1.10185619984342
1.223453819,0.940360188484192,-0.202197074890137,-0.721982598304749,1.20267194755471
1.228208454,1.0164749622345,-0.161102294921875,-0.758702039718628,1.27859457348759
1.232963141,1.08751511573792,-0.0942258834838867,-0.728850662708283,1.31255130665703
1.237717777,1.13951849937439,-0.0089263916015625,-0.692286014556885,1.33335742276201
1.242472464,1.09718060493469,0.0780115127563477,-0.661055445671082,1.2833103203118
1.2472271,0.885412812232971,0.183216094970703,-0.592695593833923,1.08111611424156
1.251981735,0.652578949928284,0.230622291564941,-0.428241193294525,0.813901988503828
1.256736423,0.467341482639313,0.21837043762207,-0.223103642463684,0.562022192358388
1.26149111,0.35991907119751,0.0899753570556641,-0.105372071266174,0.385668998095382
1.266245746,0.341573357582092,-0.0349874496459961,-0.00298607349395752,0.343373552967532
1.271000381,0.273973345756531,-0.12335205078125,0.0439599752426147,0.303660339919949
1.275755069,0.200052440166473,-0.0852508544921875,0.0597013235092163,0.225505953440171
1.280509704,0.155332267284393,-0.0664606094360352,0.075347900390625,0.184993059220056
1.285264391,0.234265327453613,-0.0359525680541992,-0.0253688097000122,0.238361925026284
1.290019027,0.381402909755707,-0.0270624160766602,-0.127562165260315,0.403078974817499
1.294773714,0.487196922302246,-0.0443449020385742,-0.169695496559143,0.517806791177989
1.29952835,0.476165175437927,-0.0662384033203125,-0.180730700492859,0.513599441661394
1.304283037,0.35625284910202,-0.0428647994995117,-0.243984937667847,0.433914891814309
1.309037673,0.268244802951813,-0.019688606262207,-0.316188812255859,0.415112370958727
1.31379236,0.223790526390076,-0.058380126953125,-0.340475022792816,0.411598931085564
1.318546996,0.149158477783203,-0.0991096496582031,-0.279404640197754,0.331870346843478
1.323301683,0.00657236576080322,-0.101534843444824,-0.162042498588562,0.191338160788388
1.328056319,-0.217604219913483,-0.0493888854980469,-0.123968243598938,0.255262578447958
1.332811006,-0.411441385746002,0.0545320510864258,-0.09574294090271,0.425939513584949
1.337565641,-0.546821594238281,0.100665092468262,0.0199710130691528,0.556368724974677
1.342320329,-0.712107479572296,0.101347923278809,0.179857730865479,0.741429205904255
1.347074964,-0.940437316894531,0.0735874176025391,0.276765704154968,0.983075129394285
1.351829652,-1.09631443023682,0.00102043151855469,0.382485747337341,1.16112088868565
1.356584287,-1.17331671714783,-0.00922107696533203,0.461490869522095,1.26084533930662
1.361338975,-1.1839292049408,0.0494499206542969,0.428657650947571,1.2601115183508
1.36609361,-1.10011160373688,0.112387657165527,0.403542041778564,1.17716723775447
1.370848246,-0.920227944850922,0.165342330932617,0.390601873397827,1.01327556981538
1.375602933,-0.740052938461304,0.248729705810547,0.309148073196411,0.83971265885353
1.380357569,-0.535917043685913,0.203354835510254,0.192816495895386,0.604763150272755
1.385112256,-0.31498658657074,0.139434814453125,0.127192616462708,0.367201006103868
1.389866944,-0.150718629360199,0.0523509979248047,0.0312536954879761,0.162583903574724
1.394621579,0.000392794609069824,-0.0221319198608398,-0.0616166591644287,0.0654720463321327
1.399376214,0.150554060935974,-0.0580310821533203,0.0074608325958252,0.161523359868538
1.404130902,0.247510671615601,-0.0390748977661133,0.0546022653579712,0.256456209870731
1.408885537,0.23933082818985,0.0319089889526367,-0.0622495412826538,0.249344007924634
1.413640225,0.233573973178864,0.0667095184326172,-0.213625311851501,0.323485292802816
1.41839486,0.253917157649994,0.0537786483764648,-0.285428166389465,0.385791788583821
1.423149548,0.250480234622955,-0.00886058807373047,-0.333000600337982,0.416783226369824
1.427904183,0.202313542366028,-0.068608283996582,-0.380313158035278,0.436206332178263
1.432658871,0.204604864120483,-0.0661430358886719,-0.327918410301209,0.392133313342291
1.437413506,0.197470903396606,-0.0494470596313477,-0.271356582641602,0.33922583088171
1.442168194,0.171443104743958,0.0240621566772461,-0.307826936244965,0.353170140620876
1.446922829,0.164517462253571,0.0542831420898438,-0.325133681297302,0.368408150853692
1.451677516,0.167025983333588,0.0368270874023438,-0.349510729312897,0.389116516457378
1.456432152,0.107875108718872,-0.00655746459960938,-0.359645903110504,0.375533240935145
1.461186839,0.0707014799118042,-0.0353202819824219,-0.301166534423828,0.311363939848364
1.465941475,0.0199195742607117,-0.0543498992919922,-0.229175984859467,0.236373291697865
1.470696162,-0.0822333693504334,0.0003204345703125,-0.179355621337891,0.197309068769125
1.475450798,-0.292444050312042,0.0830192565917969,-0.17293906211853,0.349747964589365
1.480205485,-0.482061386108398,0.119993209838867,-0.166829466819763,0.52403589703717
1.484960121,-0.565992832183838,0.0689249038696289,-0.0803216099739075,0.575803863729413
1.489714808,-0.540403246879578,-0.0741958618164063,0.128641128540039,0.560436646821676
1.494469444,-0.446562111377716,-0.194747924804688,0.352565765380859,0.601371010651866
1.499224131,-0.323042571544647,-0.224135398864746,0.477705001831055,0.618704492329614
1.503978766,-0.20086669921875,-0.165515899658203,0.474197745323181,0.540931091327064
1.508733454,-0.0515468120574951,-0.000634193420410156,0.373907089233398,0.377444018913504
1.513488089,0.141568124294281,0.134374618530273,0.25579559803009,0.321759941404969
1.518242777,0.300047338008881,0.192307472229004,0.16724169254303,0.393675440745269
1.522997412,0.440893530845642,0.202300071716309,0.081629753112793,0.491910399515213
1.5277521,0.488573670387268,0.155251502990723,0.00117754936218262,0.512648658633831
1.532506735,0.496068060398102,0.0706110000610352,-0.0883444547653198,0.508796792997495
1.537261423,0.487311840057373,-0.044194221496582,-0.106067538261414,0.500675824607728
1.542016058,0.523991584777832,-0.181779861450195,-0.0739229321479797,0.559531678141811
1.546770746,0.496488511562347,-0.228083610534668,-0.0727866888046265,0.551199489817495
1.551525381,0.440927147865295,-0.183874130249023,-0.123698234558105,0.493485256853993
1.556280069,0.357547044754028,-0.0593910217285156,-0.157422959804535,0.395157147155301
1.561034704,0.287028074264526,0.0260648727416992,-0.148175299167633,0.324068530237759
1.565789391,0.281483173370361,0.0514726638793945,-0.0608022212982178,0.292539095049341
1.570544027,0.247695922851563,0.0126066207885742,0.0660555958747864,0.256662305045691
1.575298714,0.321022987365723,-0.0733928680419922,0.206089496612549,0.388477994371182
1.58005335,0.424590945243835,-0.189535140991211,0.252590954303741,0.529153314881129
1.584808037,0.465767741203308,-0.262029647827148,0.201553344726563,0.571159238616094
1.589562673,0.454795837402344,-0.319733619689941,0.115469336509705,0.567804551718743
1.59431736,0.420512437820435,-0.350894927978516,0.134568274021149,0.563973918914486
1.599071996,0.291977047920227,-0.336767196655273,0.165508210659027,0.475453161784434
1.603826683,0.117382884025574,-0.180447578430176,0.175020575523376,0.277438771407332
1.608581319,-0.0578556656837463,0.0267238616943359,0.156163334846497,0.168666623805501
1.613336006,-0.131866276264191,0.156218528747559,0.177971243858337,0.271047426072116
1.618090641,-0.126878142356873,0.213446617126465,0.185400664806366,0.309888573331294
1.622845329,-0.0341929793357849,0.163432121276855,0.152495861053467,0.226128737093162
1.627599964,0.0931644439697266,0.059290885925293,0.098442554473877,0.147939039152404
1.632354652,0.235926985740662,-0.0487079620361328,-0.000261127948760986,0.240902628367134
1.637109287,0.296938419342041,-0.113107681274414,-0.131355166435242,0.343831284489725
1.641863975,0.362425327301025,-0.12952995300293,-0.173648118972778,0.422236658542316
1.64661861,0.361457943916321,-0.0723114013671875,-0.0898674726486206,0.379416587181097
1.651373298,0.285128355026245,0.0199661254882813,-0.101689636707306,0.303377005095393
1.656127933,0.117202043533325,0.147060394287109,-0.213316977024078,0.284371607694859
1.660882621,-0.0160971879959106,0.145020484924316,-0.234326660633087,0.276041743931083
1.665637256,-0.0748944878578186,0.0576467514038086,-0.179709911346436,0.203046754455818
1.670391944,-0.066789448261261,-0.0954065322875977,-0.0664429068565369,0.134081679112899
1.675146579,-0.0112478733062744,-0.185497283935547,-0.0608824491500855,0.195556717133142
1.679901266,0.0273424386978149,-0.232139587402344,-0.0672299265861511,0.243220599501879
1.684655902,0.0536836385726929,-0.257036209106445,-0.0592133402824402,0.26917608643715
1.689410589,-0.0888144969940186,-0.170205116271973,-0.103290736675262,0.21800635945856
1.694165225,-0.299158215522766,0.0131978988647461,-0.187222957611084,0.353160386093701
1.698919912,-0.448790967464447,0.145288467407227,-0.180284917354584,0.504999725410583
1.703674548,-0.492860019207001,0.174266815185547,-0.109326243400574,0.534071295712211
1.708429235,-0.538668990135193,0.169780731201172,-0.0937327146530151,0.572516898804478
1.713183871,-0.662278532981873,0.167733192443848,-0.0976923704147339,0.690138448670465
1.717938558,-0.787446439266205,0.158638954162598,-0.0639978051185608,0.805812590836617
1.722693246,-0.760250687599182,0.069025993347168,-0.0640065670013428,0.766056483799915
1.727447881,-0.605612337589264,0.00155925750732422,-0.116214394569397,0.6166640254056
1.732202569,-0.452559292316437,-0.0202436447143555,-0.158367455005646,0.4798957897484
1.736957204,-0.289133012294769,-0.0252275466918945,-0.185993194580078,0.344714079116072
1.741711891,-0.19614589214325,0.0102024078369141,-0.199269533157349,0.279795723654043
1.746466527,-0.158695220947266,0.0785913467407227,-0.276697039604187,0.328514877379614
1.751221214,-0.126570403575897,0.167801856994629,-0.318019688129425,0.381200803134186
1.75597585,-0.0545639991760254,0.182750701904297,-0.257136642932892,0.320147313265928
1.760730537,0.0238305330276489,0.173879623413086,-0.2301966547966,0.289469372511504
1.765485173,0.00433385372161865,0.181715965270996,-0.260756850242615,0.317857844438201
1.77023986,-0.0529273748397827,0.184759140014648,-0.288959980010986,0.347037630343358
1.774994496,-0.0931291580200195,0.130866050720215,-0.231891810894012,0.282086467708623
1.779749183,-0.168625056743622,0.00864219665527344,-0.147133231163025,0.223958221633612
1.784503819,-0.262577950954437,-0.107792854309082,-0.0158096551895142,0.284282298015091
1.789258506,-0.306052982807159,-0.149686813354492,0.0312847495079041,0.342130539310881
1.794013141,-0.323274850845337,-0.0820732116699219,0.0139736533164978,0.333823163141655
1.798767829,-0.338144481182098,0.00870513916015625,0.0112207531929016,0.338442572534727
1.803522464,-0.362596869468689,0.0678997039794922,-0.0128042101860046,0.369121670113641
1.808277152,-0.370493113994598,0.0862913131713867,-0.0627476572990418,0.385549746132422
1.813031787,-0.347547948360443,0.0452280044555664,-0.0933917760848999,0.362708109417033
1.817786475,-0.306035339832306,-0.0144319534301758,-0.100344121456146,0.322389288309788
1.82254111,-0.22458153963089,-0.0901803970336914,-0.0718873739242554,0.252462208026986
1.827295798,-0.231690645217896,-0.120194435119629,0.00359296798706055,0.261036715299146
1.832050433,-0.208171725273132,-0.138076782226563,0.095155656337738,0.267311174338634
1.836805121,-0.156648635864258,-0.0869951248168945,0.0889453291893005,0.200045540926642
1.841559756,-0.153161287307739,0.00399112701416016,-0.0450729131698608,0.159705593284095
1.846314444,-0.168533146381378,0.0965852737426758,-0.121135771274567,0.22892359340059
1.851069079,-0.162390232086182,0.126735687255859,-0.113792479038239,0.235332212386844
1.855823766,-0.134985327720642,0.0926046371459961,-0.0855188369750977,0.184689276890577
1.860578454,-0.162367403507233,0.0445346832275391,-0.0790210366249085,0.185986117657025
1.865333089,-0.201546788215637,-0.0149726867675781,-0.103546142578125,0.227083889415098
1.870087777,-0.159953057765961,-0.0241279602050781,-0.175438702106476,0.238633353387877
1.874842412,-0.149785399436951,-0.00945568084716797,-0.215933799743652,0.262968594430023
1.8795971,-0.211055934429169,0.0620632171630859,-0.241963744163513,0.327021259052111
1.884351735,-0.331290364265442,0.130637168884277,-0.272651851177216,0.448506864272545
1.889106423,-0.367703974246979,0.182072639465332,-0.260666310787201,0.486110670833613
1.893861058,-0.411167621612549,0.13348388671875,-0.192281186580658,0.47312663821532
1.898615746,-0.369219124317169,0.0687475204467773,-0.0915576219558716,0.38656407161987
1.903370381,-0.363464891910553,-0.014404296875,-0.0960882306098938,0.376227536846724
1.908125069,-0.379412114620209,-0.0612421035766602,-0.164677083492279,0.418118033333407
1.912879704,-0.40967732667923,-0.0530929565429688,-0.180569112300873,0.450843185982265
1.917634391,-0.451813578605652,-0.00938129425048828,-0.172805428504944,0.483823557317166
1.922389027,-0.474934458732605,0.0150270462036133,-0.117799878120422,0.489556292467398
1.927143714,-0.474359512329102,0.0131626129150391,-0.0847254395484924,0.482046264815463
1.931898402,-0.48588365316391,0.0113525390625,-0.0877378582954407,0.493872186231765
1.936653037,-0.51177453994751,-0.0259923934936523,-0.10044276714325,0.52218534423077
1.941407725,-0.511683225631714,-0.0463714599609375,-0.0776334404945374,0.519612342785276
1.946162308,-0.412274122238159,-0.064173698425293,-0.021807849407196,0.417808326547703
1.950917048,-0.361486494541168,0.00362014770507813,0.0075107216835022,0.361582635292786
1.955671683,-0.285322368144989,0.0352907180786133,0.0176267027854919,0.288036437273927
1.960426371,-0.221895098686218,0.0501194000244141,0.0798171162605286,0.241081233462749
1.965181006,-0.147307455539703,0.0696020126342773,0.0749480724334717,0.179335273111055
1.969935694,-0.089945912361145,0.112665176391602,0.0841801762580872,0.166943137614794
1.974690329,0.0333186984062195,0.10081958770752,0.207103610038757,0.232737255762984
1.979445016,0.205376863479614,0.0392541885375977,0.257830083370209,0.331959183125212
1.984199652,0.373791098594666,-0.0170698165893555,0.210982143878937,0.429563300414216
1.988954287,0.531656622886658,-0.0444793701171875,0.202482402324677,0.570645513674155
1.993708975,0.679170608520508,-0.102541923522949,0.248625814914703,0.730480908306236
1.998463662,0.837773561477661,-0.167285919189453,0.358561336994171,0.926507070376191
2.00321835,1.04537975788116,-0.290868759155273,0.46545547246933,1.18070837639608
2.007972985,1.24949586391449,-0.396896362304688,0.545721232891083,1.42006278043553
2.012727673,1.46214020252228,-0.506889343261719,0.625718176364899,1.66922557324575
2.017482308,1.66443932056427,-0.547292709350586,0.705605506896973,1.88885327458543
2.022236996,1.82332646846771,-0.547176361083984,0.785427272319794,2.05932449624817
2.026991631,1.9629499912262,-0.54485034942627,0.80111438035965,2.18902234382015
2.031746319,2.04799795150757,-0.561699867248535,0.83380651473999,2.28145472325643
2.036500954,2.03391456604004,-0.507429122924805,0.755386710166931,2.22820597311804
2.041255641,1.99277329444885,-0.347043037414551,0.630706548690796,2.11881453257427
2.046010277,1.83939456939697,-0.107516288757324,0.457593142986298,1.89850562779869
2.050764964,1.60069024562836,0.0349559783935547,0.224260687828064,1.61670159243453
2.0555196,1.349280834198,0.0936441421508789,0.0882567763328552,1.35540298563264
2.060274287,1.04902827739716,0.0470895767211914,0.0169572830200195,1.05022155017979
2.065028975,0.726212382316589,-0.0925226211547852,-0.0254878401756287,0.732526101686559
2.06978361,0.421316504478455,-0.174591064453125,-0.0246611833572388,0.456725093133056
2.074538298,0.136556625366211,-0.15626049041748,-0.0451492667198181,0.212375867466755
2.079292933,-0.152271628379822,-0.0878629684448242,-0.0629768967628479,0.186742174024126
2.084047621,-0.373781740665436,-0.00766277313232422,-0.0353488326072693,0.37552769233927
2.088802256,-0.554485082626343,0.0222597122192383,-0.0530499219894409,0.557461654166734
2.093556944,-0.692178010940552,0.0235185623168945,-0.120849192142487,0.703041996501321
2.098311579,-0.767659068107605,0.0558490753173828,-0.186285376548767,0.791910225705893
2.103066266,-0.821578204631805,0.135883331298828,-0.232738792896271,0.864651589815054
2.107820902,-0.901710569858551,0.206223487854004,-0.281763672828674,0.966954417779457
2.112575589,-0.88403844833374,0.290787696838379,-0.319087982177734,0.983818379140761
2.117330277,-0.766617119312286,0.30601978302002,-0.332815647125244,0.890009084332111
2.122084912,-0.654719471931458,0.240138053894043,-0.361117005348206,0.785321184870166
2.1268396,-0.56010115146637,0.117177963256836,-0.451752454042435,0.729057099739338
2.131594235,-0.496927559375763,0.023193359375,-0.430324852466583,0.657764707047009
2.136348923,-0.424439370632172,-0.0251903533935547,-0.325662732124329,0.535574036283881
2.141103558,-0.36421525478363,-0.0137510299682617,-0.228582680225372,0.430223063469763
2.145858246,-0.261329829692841,0.0525894165039063,-0.227209270000458,0.350261301016329
2.150612881,-0.108780980110168,0.0854005813598633,-0.247482597827911,0.283503434120265
2.155367569,0.064674973487854,0.0871477127075195,-0.213020443916321,0.23907171633657
2.160122256,0.156520962715149,0.0602645874023438,-0.188355803489685,0.252207337268955
2.164876891,0.140912175178528,0.0501441955566406,-0.173416018486023,0.229006106750696
2.169631579,0.0515704154968262,0.00183486938476563,-0.180121779441834,0.187367899944113
2.174386214,-0.0684324502944946,-0.0606889724731445,-0.136971712112427,0.164703981591715
2.179140902,-0.13071221113205,-0.113537788391113,-0.0295050144195557,0.175633303811301
2.183895537,-0.116502523422241,-0.156715393066406,0.0323712229728699,0.197940517490653
2.188650225,-0.114318430423737,-0.113864898681641,0.00603878498077393,0.161463263965433
2.19340486,-0.0644382834434509,-0.0353021621704102,-0.0965052843093872,0.121292229457126
2.198159548,0.00436580181121826,0.0836849212646484,-0.170222043991089,0.189730784357809
2.202914235,0.0753623247146606,0.137973785400391,-0.210545420646667,0.262765331806525
2.207668871,0.0507388114929199,0.151577949523926,-0.253440082073212,0.299636741697123
2.212423558,-0.0118732452392578,0.0839929580688477,-0.236904323101044,0.251633561477062
2.217178194,-0.110049486160278,-0.0144681930541992,-0.227874279022217,0.253469732027889
2.221932881,-0.200862765312195,-0.0864391326904297,-0.199945509433746,0.296303528314895
2.226687569,-0.246143996715546,-0.105714797973633,-0.134040713310242,0.299548657907905
2.231442204,-0.248456656932831,-0.0580873489379883,-0.0945572257041931,0.272113798646367
2.236196839,-0.269974589347839,0.0539064407348633,-0.188802659511566,0.333824246400522
2.240951527,-0.327347934246063,0.182390213012695,-0.297262191772461,0.478317541509141
2.245706214,-0.33460921049118,0.253344535827637,-0.322306215763092,0.529176789266854
2.25046085,-0.322853803634644,0.223917961120605,-0.27132111787796,0.477481916767862
2.255215537,-0.382883012294769,0.170710563659668,-0.220644235610962,0.473735555301968
2.259970173,-0.457249104976654,0.146297454833984,-0.19414347410202,0.517852660347762
2.26472486,-0.519717156887054,0.15301513671875,-0.218087136745453,0.584021878392968
2.269479496,-0.534614861011505,0.157382965087891,-0.239843606948853,0.606718553456578
2.274234183,-0.504430711269379,0.152239799499512,-0.235485911369324,0.577131625781176
2.278988871,-0.431651711463928,0.0874671936035156,-0.197901427745819,0.482844369409489
2.283743506,-0.375949919223785,0.0371799468994141,-0.160402774810791,0.410426291047266
2.288498194,-0.330016613006592,0.0323781967163086,-0.146916806697845,0.362689758020866
2.293252829,-0.25324285030365,0.0132761001586914,-0.121579825878143,0.281229177230778
2.298007516,-0.169551491737366,-0.00338077545166016,-0.0772766470909119,0.186362062069065
2.302762152,-0.093330442905426,-0.00327301025390625,-0.0307137370109558,0.0983087880620208
2.307516839,0.0281474590301514,-0.000782012939453125,-0.0391572117805481,0.0482304699180738
2.312271527,0.142262041568756,0.00409698486328125,-0.040529191493988,0.147979353693131
2.317026162,0.21095073223114,-0.00776290893554688,-0.0299662351608276,0.213209871801729
2.32178085,0.212815523147583,-0.00527381896972656,0.0233802795410156,0.214160915039418
2.326535485,0.143162310123444,-0.012354850769043,-0.00211811065673828,0.143710040603155
2.331290173,0.0784944295883179,0.0235538482666016,-0.0562268495559692,0.0993862055596806
2.336044808,0.0568892955780029,0.0570135116577148,-0.084028422832489,0.116394623186045
2.340799496,0.0139012336730957,0.0689201354980469,-0.0856289267539978,0.110795047144467
2.345554183,-0.0288845896720886,0.0712528228759766,-0.0563012957572937,0.0952949116808997
2.350308819,-0.119302332401276,0.0377731323242188,-0.0533854961395264,0.136050972947755
2.355063506,-0.140386879444122,0.00915431976318359,-0.01234370470047,0.141225509509145
2.359818141,-0.163867950439453,-0.0384950637817383,0.0524365901947022,0.176307036467732
2.364572829,-0.187420010566711,-0.0359086990356445,0.0886169075965881,0.210401167628036
2.369327464,-0.242127239704132,-0.0118284225463867,0.110508382320404,0.266416242653767
2.374082152,-0.280163466930389,-0.0140476226806641,0.0918068289756775,0.295156564812648
2.378836839,-0.282433271408081,0.0219497680664063,0.0278434753417969,0.284649967917703
2.383591475,-0.284753739833832,0.0459518432617188,-0.0289477705955505,0.289886594500256
2.388346162,-0.306236326694489,0.0245647430419922,0.0120492577552795,0.307456174113492
2.393100798,-0.287153422832489,-0.018254280090332,0.0338144898414612,0.289713180075172
2.397855485,-0.253961443901062,-0.0156011581420898,0.00539737939834595,0.254497431869275
2.402610121,-0.247271060943604,-0.053532600402832,-0.0229116678237915,0.254034764173198
2.407364808,-0.221651315689087,-0.0245208740234375,-0.0319642424583435,0.225282693089177
2.412119496,-0.215282499790192,-0.0337553024291992,-0.0339142084121704,0.220536048505057
2.416874131,-0.225681185722351,-0.00714111328125,0.0046536922454834,0.225842090717071
2.421628819,-0.233716130256653,0.00270748138427734,0.043185830116272,0.23768798017658
2.426383454,-0.229850649833679,0.0244846343994141,0.069696843624115,0.241430049003437
2.431138141,-0.228502333164215,0.0104131698608398,0.0818334817886353,0.242937171115685
2.435892829,-0.193843424320221,-0.00600624084472656,0.0652919411659241,0.204632318225857
2.440647464,-0.137816429138184,-0.0176181793212891,0.0536677241325378,0.148942918584816
2.445402152,-0.100999772548676,0.0328836441040039,0.025288999080658,0.109187094379073
2.450156787,-0.104851245880127,0.0450878143310547,0.00168466567993164,0.114146979207597
2.454911475,-0.0729776620864868,0.0644493103027344,0.00909614562988281,0.0977864644387332
2.45966611,-0.0817521214485169,0.0861644744873047,-0.016947865486145,0.119978982199146
2.464420798,-0.114452362060547,0.0672445297241211,-0.0309394598007202,0.1363026783736
2.469175485,-0.135166704654694,0.0435886383056641,-0.00190597772598267,0.142033940266554
2.473930121,-0.17741721868515,0.0295429229736328,0.0222641229629517,0.181232847340403
2.478684808,-0.19217050075531,0.0249233245849609,0.0840834379196167,0.211236119073647
2.483439444,-0.180802464485168,0.0298452377319336,0.152489542961121,0.238397420480335
2.488194131,-0.174494326114655,0.0560884475708008,0.120833873748779,0.219533616656415
2.492948819,-0.18019837141037,0.0299167633056641,0.134614050388336,0.226908369937273
2.497703454,-0.164581835269928,0.0134620666503906,0.19100695848465,0.252491714574704
2.502458141,-0.149165987968445,-0.00523090362548828,0.199600040912628,0.24923489051829
2.507212777,-0.13632196187973,-0.00953483581542969,0.160792052745819,0.211018185498265
2.511967464,-0.102239668369293,-0.00668239593505859,0.146038889884949,0.178395520018088
2.516722152,-0.087414562702179,-0.00385856628417969,0.138572633266449,0.16388584135483
2.521476787,-0.0324047803878784,0.0108146667480469,0.124020159244537,0.128639133656514
2.526231475,-0.0181980133056641,0.0253658294677734,0.0929911732673645,0.0980915454996112
2.53098611,0.0077555775642395,0.00894737243652344,0.0646506547927856,0.065726034583023
2.535740798,-0.0115335583686829,-0.038182258605957,0.0436699986457825,0.0591436946987474
2.540495433,-0.0258621573448181,-0.0683135986328125,0.094049334526062,0.119083484436291
2.545250121,-0.0376664996147156,-0.117184638977051,0.113247454166412,0.167260248357405
2.550004808,-0.0919454097747803,-0.0968608856201172,0.0920440554618835,0.162197711721331
2.554759444,-0.119656980037689,-0.112299919128418,0.0971580743789673,0.190705941504239
2.559514131,-0.113961338996887,-0.0849018096923828,0.109388887882233,0.179336089137454
2.564268766,-0.0584828853607178,-0.055363655090332,0.135805547237396,0.157887709608838
2.569023454,-0.00342255830764771,-0.0403165817260742,0.0908898115158081,0.0994891878790032
2.573778141,0.00841391086578369,-0.00404548645019531,0.124758958816528,0.125107784176926
2.578532777,-0.00361484289169312,0.041407585144043,0.118109345436096,0.125209714782583
2.583287464,-0.10811048746109,0.0841064453125,0.0689003467559815,0.153326545077079
2.5880421,-0.190460503101349,0.0742626190185547,0.0532877445220947,0.211257481622228
2.592796787,-0.250854969024658,0.038416862487793,0.127883076667786,0.28417978834848
2.597551475,-0.284585058689117,-0.0374679565429688,0.213714838027954,0.357863850353607
2.60230611,-0.313306987285614,-0.0652837753295898,0.220719218254089,0.388767556400954
2.607060798,-0.346660614013672,-0.0406694412231445,0.137628197669983,0.375192091536624
2.611815433,-0.349062323570251,-0.00913143157958984,0.0481683015823364,0.352488402725937
2.616570121,-0.301764965057373,0.00555038452148438,-0.0239579677581787,0.302765396179147
2.621324808,-0.214723587036133,0.0391111373901367,-0.067036509513855,0.228319498741161
2.626079444,-0.156899929046631,0.0700445175170898,-0.114701330661774,0.206591910356193
2.630834131,-0.120932519435883,0.0912408828735352,-0.162055730819702,0.221836951061269
2.635588766,-0.0995837450027466,0.107538223266602,-0.221017122268677,0.265197963921363
2.640343454,-0.107024192810059,0.0478029251098633,-0.206073760986328,0.237077397621018
2.645098141,-0.133523285388947,0.026555061340332,-0.191393256187439,0.234872343067202
2.649852777,-0.140846490859985,0.0149879455566406,-0.162680745124817,0.215702103220962
2.654607464,-0.133866429328918,0.00589656829833984,-0.115287959575653,0.176766241239918
2.6593621,-0.131707668304443,0.0372161865234375,-0.0730202198028565,0.155125455453314
2.664116787,-0.143889725208282,0.0777788162231445,-0.0548626184463501,0.172521604955375
2.668871475,-0.141758739948273,0.125116348266602,-0.0201712846755981,0.190148683089722
2.67362611,-0.10424417257309,0.160223960876465,0.0354864597320557,0.194416701902655
2.678380798,-0.0790373682975769,0.142852783203125,0.0883224010467529,0.185619691258631
2.683135485,-0.0445687174797058,0.132740020751953,0.131299018859863,0.191952379616866
2.687890121,-0.0152018070220947,0.0942478179931641,0.192908406257629,0.215238006258347
2.692644808,-0.0193093419075012,0.029973030090332,0.239835262298584,0.242471000863046
2.697399444,-0.0588716864585876,0.0160408020019531,0.260395765304565,0.267449317411532
2.702154131,-0.0720182061195374,-0.01202392578125,0.261927247047424,0.271913735492916
2.706908819,-0.120594680309296,-0.0422353744506836,0.277743697166443,0.305726127587381
2.711663454,-0.133189737796783,-0.0413627624511719,0.29592502117157,0.327142174791576
2.716418141,-0.119606792926788,-0.0428867340087891,0.271437764167786,0.299705716803298
2.721172777,-0.0801272988319397,-0.0562677383422852,0.209331393241882,0.231097543459134
2.725927464,-0.0836411714553833,-0.0553112030029297,0.145437002182007,0.176655303752107
2.730682152,-0.0610902309417725,-0.068598747253418,0.0845098495483398,0.124818745034311
2.735436787,-0.0268511772155762,-0.112625122070313,0.045491099357605,0.124397925866867
2.740191475,0.00475591421127319,-0.120699882507324,0.00920689105987549,0.121143911115067
2.744946162,0.0432872176170349,-0.107364654541016,-0.0385911464691162,0.122025525360627
2.749700798,0.0673444867134094,-0.117870330810547,-0.0741477012634277,0.154682178607398
2.754455485,0.117383480072021,-0.128298759460449,-0.0761544704437256,0.189839291089788
2.759210121,0.176522433757782,-0.0983057022094727,-0.0496928691864014,0.208071050256024
2.763964808,0.209052860736847,-0.0828037261962891,-0.0660768747329712,0.23436234558633
2.768719496,0.203439891338348,-0.0389699935913086,-0.0538219213485718,0.214016936259534
2.773474131,0.188386499881744,-0.0334720611572266,-0.0155038833618164,0.191964118040597
2.778228819,0.154600977897644,0.0336589813232422,-0.00360023975372314,0.158263549552354
2.782983506,0.0999032258987427,0.0741138458251953,0.029577374458313,0.127860618518069
2.787738089,0.0504970550537109,0.128464698791504,0.0814330577850342,0.160263764790766
2.792492829,0.0252995491027832,0.165748596191406,0.130472898483276,0.212451974721002
2.797247464,0.00984632968902588,0.164754867553711,0.164878249168396,0.233293706815725
2.802002152,-0.0267382860183716,0.142414093017578,0.213191509246826,0.25777379510757
2.806756839,-0.00610107183456421,0.0846643447875977,0.208981394767761,0.225562624818303
2.811511475,0.00246775150299072,0.0558605194091797,0.242851614952087,0.249205526244866
2.816266162,0.0179861783981323,0.00593757629394531,0.210150122642517,0.211001970304262
2.821020798,0.0403960943222046,-0.0364618301391602,0.196847200393677,0.204230579973749
2.825775485,0.086368203163147,-0.0619230270385742,0.174360871315002,0.204195105820334
2.830530173,0.0940174460411072,-0.0824518203735352,0.135649800300598,0.184495125042897
2.835284808,0.101745128631592,-0.114694595336914,0.085476279258728,0.175536650633632
2.840039496,0.116541385650635,-0.139562606811523,0.0713992118835449,0.195339354066172
2.844794183,0.117084801197052,-0.112035751342773,0.0811715126037598,0.181244792224978
2.849548819,0.101128160953522,-0.0895223617553711,0.0175368785858154,0.136193613296052
2.854303506,0.075954794883728,-0.0173883438110352,-0.0336692333221436,0.0848828760046507
2.859058194,0.0439080595970154,0.0541515350341797,-0.029961109161377,0.075881318559399
2.863812829,0.0477526783943176,0.110837936401367,0.0260566473007202,0.123467871562195
2.868567516,0.00882220268249512,0.129083633422852,0.00577986240386963,0.129513792652458
2.873322152,-0.0415626764297485,0.116326332092285,-0.05705726146698,0.136069109999882
2.878076839,-0.112853527069092,0.113173484802246,-0.0364065170288086,0.163919464116948
2.882831527,-0.183472812175751,0.0981998443603516,0.0313390493392944,0.210446236016628
2.887586162,-0.229734480381012,0.0572538375854492,0.0937292575836182,0.254639170438035
2.89234085,-0.273216307163239,0.0617151260375977,0.124838829040527,0.306660464549905
2.897095485,-0.333049714565277,0.0566425323486328,0.0870332717895508,0.348862837288915
2.901850173,-0.35700660943985,0.0682363510131836,0.0400843620300293,0.365672906930068
2.90660486,-0.347815275192261,0.0251903533935547,0.0148559808731079,0.349042575811121
2.911359496,-0.315186083316803,0.0157508850097656,-0.0268517732620239,0.316719710820929
2.916114183,-0.252182304859161,-0.000698089599609375,-0.0564404726028442,0.258421998213775
2.920868871,-0.151932179927826,-0.0217256546020508,-0.0597808361053467,0.164709258182299
2.925623506,-0.0715692639350891,-0.0591878890991211,-0.16504955291748,0.189385112071885
2.930378194,-0.056050181388855,-0.0346393585205078,-0.226733267307282,0.236113283184727
2.935132881,-0.095308780670166,-0.0387477874755859,-0.214434027671814,0.237838405079254
2.939887516,-0.101093769073486,-0.0333137512207031,-0.150127530097961,0.184032691278459
2.944642204,-0.132908463478088,-0.091984748840332,-0.098236083984375,0.189145927473764
2.949396839,-0.138344526290894,-0.119322776794434,-0.0705139636993408,0.195829906023513
2.954151527,-0.136617302894592,-0.125087738037109,0.0044865608215332,0.185287233465878
2.958906214,-0.118309855461121,-0.107076644897461,0.0693826675415039,0.17400167912093
2.96366085,-0.0835534334182739,-0.0465297698974609,0.0959506034851074,0.135472189145407
2.968415537,-0.0538671612739563,-0.000731468200683594,0.0820592641830444,0.098162767624521
2.973170225,0.0325930118560791,0.0446662902832031,0.0754987001419067,0.0935811713574447
2.97792486,0.0662266612052918,0.0896816253662109,0.0499845743179321,0.122177011964079
2.982679548,0.125778317451477,0.139068603515625,-0.00150501728057861,0.187516737124251
2.987434235,0.196725249290466,0.13825511932373,0.00407350063323975,0.240482629591046
2.992188871,0.269545912742615,0.120835304260254,-0.0236389636993408,0.296335908112224
2.996943558,0.322877943515778,0.070338249206543,-0.0891159772872925,0.342256180540671
3.001698246,0.321478247642517,0.0321044921875,-0.118502140045166,0.344124569482048
3.006452881,0.303765177726746,0.0273857116699219,-0.10498046875,0.322558768632941
3.011207569,0.279280245304108,0.0274343490600586,-0.0821038484573364,0.292388681136902
3.015962204,0.229091644287109,0.0156106948852539,-0.071354866027832,0.240454137379297
3.020716891,0.208033442497253,-0.0151185989379883,-0.0488439798355103,0.214224694181781
3.025471579,0.203907668590546,-0.0171346664428711,-0.0170140266418457,0.205332440707039
3.030226214,0.226120054721832,-0.00730705261230469,0.00756227970123291,0.226364441199503
3.034980902,0.257842719554901,0.0142793655395508,0.017714262008667,0.25884467038398
3.039735589,0.296630799770355,0.0285396575927734,-0.00299537181854248,0.298015629926091
3.044490225,0.34712153673172,0.0687761306762695,-0.0331308841705322,0.355416900132382
3.049244912,0.413969814777374,0.0849494934082031,0.00567793846130371,0.422634195211763
3.0539996,0.437737882137299,0.112826347351074,0.04658043384552,0.454438087017219
3.058754235,0.452087461948395,0.0929975509643555,0.0135557651519775,0.461752505683689
3.063508923,0.435757994651794,0.0875463485717773,-0.0239847898483276,0.445111967032198
3.06826361,0.43410712480545,0.0370388031005859,-0.0517851114273071,0.438751144166619
3.073018246,0.461459934711456,-0.0106992721557617,-0.0463578701019287,0.463906022690967
3.077772933,0.439256131649017,-0.10079288482666,-0.0244020223617554,0.451332043531459
3.082527569,0.448563516139984,-0.16645336151123,0.0542916059494019,0.481522095076456
3.087282204,0.448713898658752,-0.19841194152832,0.0874074697494507,0.498348800699446
3.092036944,0.442050457000732,-0.192192077636719,0.0326124429702759,0.483125214284418
3.096791631,0.464177548885345,-0.164714813232422,0.0353591442108154,0.493803640799377
3.101546266,0.48395437002182,-0.118523597717285,0.0287339687347412,0.499084478258255
3.106300954,0.470598220825195,-0.0419101715087891,-0.0204471349716187,0.472902985027884
3.111055589,0.443344116210938,-0.00865840911865234,-0.0289392471313477,0.444371976447494
3.115810277,0.41883784532547,-0.00179767608642578,0.0172280073165894,0.419195868959004
3.120564964,0.352097153663635,0.0168352127075195,0.0417255163192749,0.354960348091236
3.1253196,0.2387775182724,0.0447702407836914,0.0304478406906128,0.244839026086278
3.130074287,0.169236063957214,0.0202751159667969,0.0951110124588013,0.195187167513993
3.134828975,0.164277255535126,-0.00400543212890625,0.159225821495056,0.228814165652976
3.13958361,0.128585338592529,-0.0115060806274414,0.125733017921448,0.180209242238004
3.144338298,0.0482439398765564,0.0142374038696289,0.0689921379089356,0.085382061915869
3.149092985,0.00180917978286743,0.0184097290039063,0.0174988508224487,0.0254637199480028
3.153847621,-0.0725060701370239,0.00354194641113281,0.0590429306030273,0.0935721285708959
3.158602308,-0.150806784629822,-0.0301895141601563,0.0717365741729736,0.169706302563241
3.163356996,-0.237861931324005,-0.0612716674804688,0.0843484401702881,0.259705939416455
3.168111631,-0.250635385513306,-0.094482421875,0.15869677066803,0.311335332937381
3.172866319,-0.279857516288757,-0.0966005325317383,0.149596929550171,0.331709411442555
3.177621006,-0.323139548301697,-0.0749835968017578,0.0648102760314941,0.33799715878278
3.182375641,-0.304507851600647,-0.0606613159179688,0.00458657741546631,0.310525141699878
3.187130329,-0.24575287103653,-0.06304931640625,-0.0196007490158081,0.254467835460542
3.191885016,-0.192225217819214,-0.0843925476074219,-0.0364725589752197,0.21307952509689
3.196639652,-0.148562848567963,-0.0509958267211914,-0.05790114402771,0.167403813568636
3.201394339,-0.155108451843262,-0.0297307968139648,-0.0934106111526489,0.183488676458026
3.206149027,-0.161610662937164,-0.0181303024291992,-0.0882610082626343,0.185031672479878
3.210903662,-0.177639544010162,-0.0208396911621094,-0.102204561233521,0.205999690924057
3.21565835,-0.229263663291931,-0.0401029586791992,-0.0853180885314941,0.247889594036396
3.220413037,-0.278190314769745,-0.0757913589477539,-0.0496503114700317,0.292573639878763
3.225167673,-0.314959228038788,-0.0637283325195313,-0.0284004211425781,0.322594481684955
3.22992236,-0.370459377765656,-0.0470190048217773,-0.0191317796707153,0.37392106437364
3.234677048,-0.41376930475235,0.000401496887207031,-0.033594012260437,0.415131011145575
3.239431683,-0.428397059440613,0.0498294830322266,-0.0195519924163818,0.43172826908146
3.244186371,-0.421699404716492,0.101230621337891,-0.00560224056243897,0.433715819095889
3.248941058,-0.476990401744843,0.123764991760254,-0.0250521898269653,0.493421958122304
3.253695694,-0.501356244087219,0.150906562805176,-0.0159792900085449,0.523818873172868
3.258450381,-0.523639380931854,0.0995674133300781,0.038098931312561,0.534381324175067
3.263205016,-0.477359741926193,0.036829948425293,0.063249945640564,0.482938219585472
3.267959704,-0.474652111530304,-0.001617431640625,-0.0162148475646973,0.474931747040387
3.272714391,-0.436728298664093,-0.0231094360351563,-0.0546454191207886,0.440740030765056
3.277469079,-0.408920437097549,-0.0420236587524414,-0.01921546459198,0.41152295908063
3.282223714,-0.35790479183197,-0.0323047637939453,0.0540262460708618,0.363398229281016
3.286978402,-0.369112849235535,0.0152702331542969,0.0462411642074585,0.372311322361572
3.291733089,-0.43031707406044,0.0767030715942383,-0.0587385892868042,0.441028760163476
3.296487725,-0.488841772079468,0.116302490234375,-0.0609474182128906,0.506169077632493
3.301242412,-0.53058648109436,0.0915660858154297,-0.00643491744995117,0.538467984335413
3.3059971,-0.510569930076599,0.0196123123168945,0.0546786785125732,0.513863847898176
3.310751735,-0.521791100502014,-0.0446147918701172,0.101101636886597,0.533364765613427
3.315506423,-0.521222233772278,-0.0561151504516602,0.111687064170837,0.535999559134032
3.32026111,-0.535125017166138,-0.0271797180175781,0.136505842208862,0.552929802077737
3.325015746,-0.542145848274231,0.0110025405883789,0.139966487884521,0.560030172786353
3.329770433,-0.540067434310913,0.0180349349975586,0.11506450176239,0.552483422420407
3.334525121,-0.488566249608994,0.0273895263671875,0.111857652664185,0.501955476980935
3.339279756,-0.392727822065353,0.0461750030517578,0.122926712036133,0.414099323427412
3.344034444,-0.326432168483734,0.0505685806274414,0.13878321647644,0.358295859790779
3.348789131,-0.260961532592773,0.0454425811767578,0.126114130020142,0.293378123703715
3.353543766,-0.184358596801758,0.00951099395751953,0.127906918525696,0.2245856874948
3.358298454,-0.110921502113342,-0.0237455368041992,0.115497708320618,0.161886227877835
3.363053141,-0.0784987211227417,-0.0211429595947266,0.0914196968078613,0.122338198951805
3.367807829,-0.0486654043197632,-0.0138320922851563,0.0889831781387329,0.102360413960967
3.372562464,-0.0973808765411377,0.0456199645996094,0.0224798917770386,0.109861557518075
3.377317152,-0.176503956317902,0.102195739746094,0.00877082347869873,0.204143437716272
3.382071787,-0.243250966072083,0.106114387512207,0.0687165260314941,0.274140943096666
3.386826475,-0.300215721130371,0.100523948669434,0.0617475509643555,0.32256364258859
3.391581162,-0.338060855865479,0.109235763549805,0.066726565361023,0.361483096190801
3.396335798,-0.359212994575501,0.101277351379395,0.0455952882766724,0.375992031414705
3.401090485,-0.352045774459839,0.0981416702270508,0.0508182048797607,0.368985778448417
3.405845173,-0.34519499540329,0.118782043457031,0.00613117218017578,0.365111421310822
3.41059986,-0.333969175815582,0.167740821838379,-0.0785030126571655,0.381883642883805
3.415354496,-0.266383826732636,0.211601257324219,-0.0581856966018677,0.345139117653965
3.420109183,-0.199837028980255,0.19819164276123,-0.0238456726074219,0.282459521903849
3.424863871,-0.207630515098572,0.168292999267578,-0.0846347808837891,0.280349800317072
3.429618506,-0.203706562519074,0.131535530090332,-0.116394400596619,0.26897140327501
3.434373194,-0.204657793045044,0.104582786560059,-0.114677667617798,0.256852757331886
3.439127881,-0.153556883335114,0.0873594284057617,-0.0607824325561523,0.186831181172786
3.443882516,-0.129036724567413,0.0323219299316406,0.0330013036727905,0.137055716720231
3.448637152,-0.183097004890442,0.00383377075195313,0.0620701313018799,0.193369884412909
3.453391891,-0.296215176582336,-0.0125398635864258,0.0956567525863648,0.311529923653956
3.458146527,-0.349364936351776,-0.052490234375,0.126653671264648,0.375302858904161
3.462901214,-0.359654724597931,-0.0920944213867188,0.157455086708069,0.403267910583539
3.467655902,-0.339229345321655,-0.152715682983398,0.124021649360657,0.392147928805677
3.472410589,-0.243094086647034,-0.132167816162109,0.138403177261353,0.309384075330089
3.477165225,-0.185774385929108,-0.111796379089355,0.131399393081665,0.253527815726515
3.481919912,-0.171725809574127,-0.0560283660888672,0.0582671165466309,0.189799863938666
3.486674548,-0.0962098836898804,0.023005485534668,-0.0213167667388916,0.101192878348758
3.491429235,-0.0261349678039551,0.0373296737670898,-0.0599225759506226,0.0752811808769579
3.496183923,0.00528597831726074,0.0230808258056641,-0.0863715410232544,0.0895584121418735
3.50093861,0.0198003649711609,-0.0289850234985352,-0.086651086807251,0.0934911593953116
3.505693246,0.00335496664047241,-0.0972080230712891,-0.0704054832458496,0.120073259394707
3.510447933,-0.0200169086456299,-0.169596672058105,-0.0662404298782349,0.183170691856982
3.515202621,-0.0336073040962219,-0.170210838317871,-0.0620713233947754,0.184266192117456
3.519957256,-0.01141357421875,-0.163708686828613,-0.0507717132568359,0.171780588794631
3.524711944,0.027333676815033,-0.131175994873047,-0.0608686208724976,0.147170854879905
3.529466631,0.0919230580329895,-0.0704412460327148,-0.0590189695358276,0.129980985170327
3.534221266,0.198585152626038,-0.0529146194458008,-0.0666236877441406,0.216043365006263
3.538975954,0.259294807910919,-0.0189285278320313,-0.0812308788299561,0.272379408639742
3.543730641,0.345677733421326,-0.0516595840454102,-0.0719988346099854,0.356855209002539
3.548485329,0.405329346656799,-0.079371452331543,-0.0462491512298584,0.415608819319235
3.553239964,0.457581520080566,-0.0665254592895508,-0.0373457670211792,0.463897823413009
3.557994652,0.483556091785431,-0.0585517883300781,-0.0308471918106079,0.4880638842017
3.562749339,0.459738254547119,-0.0435495376586914,0.0183513164520264,0.462160789920391
3.567503975,0.48394125699997,-0.0358133316040039,0.05051589012146,0.487886861989593
3.572258662,0.491560578346252,-0.00681972503662109,0.0872745513916016,0.499294660650685
3.57701335,0.544401228427887,-0.00893974304199219,0.133349061012268,0.560566310611245
3.581767985,0.563830614089966,-0.0205707550048828,0.198162913322449,0.597993860807098
3.586522673,0.545445621013641,-0.0321531295776367,0.153489232063293,0.56754179897517
3.591277256,0.532227575778961,-0.0223217010498047,0.106942534446716,0.543324172507716
3.596031996,0.48855847120285,-0.0268392562866211,0.13914155960083,0.508694504658972
3.600786683,0.459828853607178,-0.0289831161499023,0.175877690315247,0.493168893566977
3.605541371,0.474307000637054,-0.0216550827026367,0.202949523925781,0.516357030282225
3.610296058,0.484222054481506,-0.0144338607788086,0.189603924751282,0.520220129045736
3.615050694,0.48956298828125,-0.0144376754760742,0.190799832344055,0.525628140409681
3.619805381,0.533146619796753,-0.0524568557739258,0.180306553840637,0.565249938767159
3.624560069,0.567223787307739,-0.064112663269043,0.158205270767212,0.592353075604164
3.629314704,0.563424050807953,-0.0638618469238281,0.112712979316711,0.578125602466985
3.634069391,0.564792335033417,-0.0802669525146484,0.105639815330505,0.580166300263598
3.638824079,0.559542596340179,-0.11082935333252,0.098697304725647,0.578888780889145
3.643578766,0.535810112953186,-0.122201919555664,0.0847088098526001,0.556058781742217
3.648333402,0.52695107460022,-0.0932188034057617,0.087695837020874,0.542270910303623
3.653088089,0.542374074459076,-0.0408163070678711,0.0931791067123413,0.551831453883981
3.657842777,0.558079481124878,-0.0363731384277344,0.0822243690490723,0.565275648968903
3.662597412,0.604874491691589,-0.0177907943725586,0.078677773475647,0.610229346313868
3.6673521,0.618445515632629,-0.0444917678833008,0.075240969657898,0.624592328427552
3.672106787,0.658463537693024,-0.0781412124633789,0.0885043144226074,0.668964343764206
3.676861423,0.670235276222229,-0.104470252990723,0.118452429771423,0.68859301286855
3.68161611,0.665859341621399,-0.102187156677246,0.157828092575073,0.691896368410869
3.686370798,0.640639841556549,-0.12846851348877,0.189966917037964,0.680449112804568
3.691125485,0.604170203208923,-0.156977653503418,0.233977913856506,0.666640294549912
3.695880121,0.573222994804382,-0.206682205200195,0.270769596099854,0.666797053001135
3.700634808,0.526377379894257,-0.210969924926758,0.307536721229553,0.645104867593299
3.705389496,0.520821988582611,-0.217692375183105,0.304001092910767,0.641141309303143
3.710144131,0.484991014003754,-0.176994323730469,0.274722695350647,0.584821198006638
3.714898819,0.492646217346191,-0.131965637207031,0.205613017082214,0.54990175273645
3.719653506,0.479434430599213,-0.12535285949707,0.175289869308472,0.525639849050911
3.724408141,0.480998933315277,-0.135458946228027,0.145360827445984,0.520421819411353
3.729162829,0.483086943626404,-0.128934860229492,0.179890036582947,0.531373332551148
3.733917516,0.468866169452667,-0.1082763671875,0.181113123893738,0.514160694914623
3.738672204,0.438621580600739,-0.0997219085693359,0.168362379074097,0.480290787653574
3.743426839,0.394703090190887,-0.0912837982177734,0.160668134689331,0.435818208348215
3.748181527,0.339541077613831,-0.0853176116943359,0.169795632362366,0.389098695733772
3.752936214,0.258999586105347,-0.0960330963134766,0.14571738243103,0.312308656192629
3.75769085,0.176982939243317,-0.080561637878418,0.0980587005615234,0.217781190732054
3.762445537,0.193048059940338,-0.0628280639648438,0.12423300743103,0.238009998117006
3.767200225,0.204347848892212,-0.0357542037963867,0.138384699821472,0.249372676090759
3.77195486,0.203986644744873,0.0124187469482422,0.145462155342102,0.250846596841188
3.776709548,0.161193788051605,0.0554065704345703,0.1076500415802,0.201598255959633
3.781464235,0.128533482551575,0.0648050308227539,0.0725966691970825,0.161216700547073
3.786218923,0.127161145210266,0.0622577667236328,0.111459493637085,0.180192133819532
3.790973558,0.11878365278244,0.0360136032104492,0.159515619277954,0.202118204469979
3.795728246,0.0892610549926758,0.0360841751098633,0.190662026405334,0.213592162648242
3.800482933,0.00073772668838501,0.00293922424316406,0.188441395759583,0.18846576059231
3.805237569,-0.103581607341766,-0.00857830047607422,0.181655764579773,0.209288206604251
3.809992256,-0.17612487077713,-0.0105094909667969,0.179843783378601,0.251940877839566
3.814746944,-0.18876051902771,-0.0171585083007813,0.173431396484375,0.25691126335223
3.819501631,-0.194141328334808,-0.0284967422485352,0.179131031036377,0.265689378723612
3.824256266,-0.159128665924072,-0.0160188674926758,0.206401467323303,0.261113197957774
3.829010954,-0.129150152206421,0.010594367980957,0.200443744659424,0.238683257102273
3.833765641,-0.0804423689842224,0.0346097946166992,0.180575966835022,0.200690040633826
3.838520329,-0.0178369879722595,0.0299520492553711,0.156337738037109,0.160177313403236
3.843274964,0.0252828001976013,0.0182180404663086,0.146741271018982,0.150013724720541
3.848029652,0.0941718816757202,0.00896263122558594,0.203796684741974,0.224681465120404
3.852784339,0.188718199729919,0.0282363891601563,0.322437584400177,0.374670319635712
3.857538975,0.206674098968506,0.0354413986206055,0.386125862598419,0.43938986980585
3.862293662,0.184189438819885,0.0828762054443359,0.37641054391861,0.4271757394501
3.86704835,0.187912583351135,0.125151634216309,0.305602967739105,0.379956898107744
3.871803037,0.26747477054596,0.0935401916503906,0.361293137073517,0.459157109526825
3.876557673,0.341750979423523,0.00288105010986328,0.47598797082901,0.585974897722241
3.88131236,0.318604409694672,-0.0917940139770508,0.573318839073181,0.662291025241268
3.886066996,0.255805790424347,-0.226040840148926,0.660591840744019,0.743580959874194
3.890821683,0.160637259483337,-0.333095550537109,0.742744028568268,0.829714207963053
3.895576371,0.0996411442756653,-0.45113468170166,0.753374934196472,0.883755990159139
3.900331058,0.0724902749061585,-0.506518363952637,0.716908156871796,0.88077976723273
3.905085694,0.145413100719452,-0.502145767211914,0.598189055919647,0.79443406775624
3.909840381,0.237030148506165,-0.459874153137207,0.478567481040955,0.704765465906497
3.914595069,0.361653447151184,-0.37291431427002,0.32014387845993,0.610205215103231
3.919349756,0.42424088716507,-0.206035614013672,0.127802789211273,0.488635403460266
3.924104391,0.458498597145081,-0.0832576751708984,-0.0675131678581238,0.470861797020218
3.928859079,0.502542912960053,-0.00893211364746094,-0.190041184425354,0.537349805804727
3.933613766,0.506296575069428,0.026850700378418,-0.259424030780792,0.569524371545588
3.938368454,0.517476797103882,-0.0253963470458984,-0.278580605983734,0.588246856357458
3.943123089,0.452951043844223,-0.0747814178466797,-0.274011850357056,0.534639507248415
3.947877777,0.33462119102478,-0.102359771728516,-0.217199802398682,0.411855094072154
3.952632464,0.177142530679703,-0.132044792175293,-0.200980961322784,0.298678171499787
3.9573871,0.0186547935009003,-0.111611366271973,-0.196523547172546,0.226774343775785
3.962141787,-0.10295170545578,-0.124510765075684,-0.177671551704407,0.240144049605726
3.966896475,-0.166709899902344,-0.15384578704834,-0.125608146190643,0.259303149435989
3.971651162,-0.213389128446579,-0.175756454467773,-0.0833140015602112,0.288732530696228
3.976405798,-0.209855422377586,-0.197420120239258,-0.048395574092865,0.292157720706361
3.981160485,-0.168380469083786,-0.176136016845703,-0.0254871249198914,0.245000963948773
3.985915173,-0.108302190899849,-0.164456367492676,-0.00263512134552002,0.196931981219656
3.99066986,-0.0392479598522186,-0.167047500610352,0.0248957276344299,0.173392811463378
3.995424496,0.0126880407333374,-0.176674842834473,0.0807808041572571,0.194680571163456
4.000179183,0.00727473199367523,-0.188538551330566,0.105516791343689,0.216179324448191
4.004933871,-0.0169753134250641,-0.197874069213867,0.0922389030456543,0.218975623684919
4.009688506,-0.0457039773464203,-0.21893310546875,0.0767885148525238,0.236467829162297
4.014443194,-0.0361119955778122,-0.216029167175293,0.0900892615318298,0.236830640624082
4.019197881,-0.0548471957445145,-0.224950790405273,0.1033795773983,0.25357131148465
4.023952569,-0.0969415977597237,-0.183917999267578,0.109777539968491,0.235105533989165
4.028707204,-0.159837454557419,-0.105205535888672,0.0926827192306519,0.212617739393978
4.033461891,-0.222188651561737,-0.0389432907104492,0.0379503667354584,0.228745725882556
4.038216579,-0.279367506504059,-0.0206108093261719,-0.0351203382015228,0.282319760744381
4.042971214,-0.388488233089447,-0.0308189392089844,-0.100441515445709,0.402444297124407
4.047725902,-0.539684534072876,-0.104915618896484,-0.238800182938576,0.599409885451839
4.052480589,-0.725775957107544,-0.166441917419434,-0.319088667631149,0.810105690388761
4.057235277,-0.844568967819214,-0.217875480651855,-0.332295000553131,0.933373683936447
4.061989912,-0.860940158367157,-0.216597557067871,-0.331001907587051,0.947467530231671
4.0667446,-0.801750481128693,-0.184403419494629,-0.296406626701355,0.874451452891399
4.071499287,-0.812149822711945,-0.0930795669555664,-0.276360213756561,0.862917208116312
4.076253923,-0.940938949584961,-0.0645818710327148,-0.303745031356812,0.99085718899652
4.08100861,-1.07974994182587,-0.0503921508789063,-0.381433069705963,1.14625062373308
4.085763298,-1.15226018428803,-0.0982894897460938,-0.454512149095535,1.24255609521883
4.090517985,-1.12281513214111,-0.158019065856934,-0.417900532484055,1.20843895219817
4.095272621,-1.03443789482117,-0.181781768798828,-0.321571946144104,1.09841471505829
4.100027308,-1.01368033885956,-0.0597085952758789,-0.308692276477814,1.0613217548403
4.104781996,-1.00072300434113,0.0813741683959961,-0.462859153747559,1.10557988535771
4.109536683,-0.947934627532959,0.224711418151855,-0.557254552841187,1.1223225544317
4.114291319,-0.931656956672669,0.322509765625,-0.568283498287201,1.1379557848465
4.119046006,-1.02096807956696,0.37482738494873,-0.524832725524902,1.20760953034664
4.123800694,-1.14410543441772,0.408000946044922,-0.429352223873138,1.28832656930707
4.128555381,-1.27013516426086,0.395759582519531,-0.305687695741653,1.36503258201988
4.133310016,-1.24384617805481,0.342933654785156,-0.110696986317635,1.29499445134937
4.138064704,-1.12988924980164,0.24718189239502,0.0697223618626595,1.15871040924339
4.142819391,-1.05484580993652,0.204144477844238,0.168949335813522,1.08762058119859
4.147574079,-1.08807420730591,0.24004077911377,0.0197993665933609,1.11441333048354
4.152328714,-1.00988125801086,0.273513793945313,-0.0862864628434181,1.04981679565055
4.157083402,-0.846579551696777,0.235265731811523,-0.135239124298096,0.889008730360306
4.161838089,-0.736421823501587,0.220981597900391,-0.143778085708618,0.782190582064274
4.166592725,-0.695616662502289,0.273655891418457,-0.128613620996475,0.758492947603785
4.171347412,-0.748146176338196,0.388422966003418,-0.216366812586784,0.870292881320605
4.1761021,-0.734306871891022,0.42658805847168,-0.31377574801445,0.90533925894056
4.180856787,-0.637571036815643,0.443202972412109,-0.349141031503677,0.851366643474217
4.185611423,-0.505892813205719,0.412010192871094,-0.358270645141602,0.744337149854185
4.19036611,-0.487182974815369,0.354583740234375,-0.36981937289238,0.706995932346901
4.195120798,-0.507328629493713,0.297232627868652,-0.486722111701965,0.763300718847621
4.199875485,-0.508873581886292,0.144371032714844,-0.403152912855148,0.665077129792121
4.204630121,-0.522682547569275,-0.0226325988769531,-0.255562543869019,0.582255522854216
4.209384808,-0.598746180534363,-0.112939834594727,-0.151165366172791,0.627776523034213
4.214139496,-0.641521692276001,-0.148152351379395,-0.0921220183372498,0.664820026129205
4.218894131,-0.66555517911911,-0.118782043457031,-0.0878830850124359,0.681759713485185
4.223648819,-0.635311126708984,-0.0774917602539063,-0.0357447564601898,0.641017073284235
4.228403506,-0.629703044891357,-0.0362434387207031,0.0044829249382019,0.630761134037085
4.233158194,-0.667701423168182,0.0312471389770508,-0.00547671318054199,0.668454612208136
4.237912829,-0.727746844291687,0.0460939407348633,0.00851738452911377,0.729254870801831
4.242667516,-0.793079018592835,0.0442085266113281,0.03693026304245,0.79516826388237
4.247422204,-0.844563484191895,-0.0580263137817383,0.0724527537822723,0.849649300271638
4.252176891,-0.83191454410553,-0.160120010375977,0.158084660768509,0.861806815004041
4.256931475,-0.764426946640015,-0.195147514343262,0.250866532325745,0.827867819247054
4.261686214,-0.751976847648621,-0.167959213256836,0.274497151374817,0.817941417725195
4.266440902,-0.715866446495056,-0.0738582611083984,0.255348086357117,0.76362455248483
4.271195589,-0.639628171920776,-0.0109186172485352,0.274491846561432,0.696124405796865
4.275950225,-0.439843654632568,-0.0125579833984375,0.324767172336578,0.546894742793407
4.280704912,-0.190570861101151,-0.0547847747802734,0.291549623012543,0.35259014071201
4.2854596,-0.0133986175060272,-0.0610723495483398,0.194061398506165,0.203885215797016
4.290214287,0.163671061396599,-0.0696926116943359,0.0968494415283203,0.202546515121377
4.294968923,0.295219898223877,-0.0830354690551758,0.0930575728416443,0.320483056169444
4.29972361,0.42413854598999,-0.136945724487305,0.110827207565308,0.459271496597143
4.304478246,0.488264203071594,-0.224201202392578,0.109578490257263,0.54833890677434
4.309232933,0.552209734916687,-0.387763977050781,0.163483142852783,0.694278928984612
4.313987621,0.525432944297791,-0.529547691345215,0.189011871814728,0.769562228834939
4.318742308,0.467964351177216,-0.570718765258789,0.236375272274017,0.774973426856589
4.323496996,0.358375698328018,-0.580696105957031,0.336652755737305,0.760904847251794
4.328251631,0.249293178319931,-0.542799949645996,0.406013548374176,0.722236717119767
4.333006319,0.138193294405937,-0.488151550292969,0.406310677528381,0.649982837731711
4.337761006,0.0344757288694382,-0.474130630493164,0.332792520523071,0.580292419706671
4.342515694,0.0124182403087616,-0.481572151184082,0.185429573059082,0.516188023934403
4.347270329,0.0886392891407013,-0.4913330078125,0.208042740821838,0.540875984079631
4.352025016,0.0962042212486267,-0.419774055480957,0.211564183235168,0.479817583534564
4.356779704,0.049678772687912,-0.24787425994873,0.133933782577515,0.28609069771041
4.361534391,-0.00552600622177124,-0.0689544677734375,0.104286134243011,0.125143330489613
4.366289027,-0.0144835114479065,0.0835075378417969,0.0172516107559204,0.0864921907106911
4.371043714,0.0273419171571732,0.185633659362793,-0.153489947319031,0.242418233328787
4.375798402,0.162757962942123,0.227890014648438,-0.245733082294464,0.372570477911861
4.380553089,0.382190823554993,0.217507362365723,-0.293129622936249,0.528492435268174
4.385307725,0.671424746513367,0.16889476776123,-0.317173957824707,0.761535260069977
4.390062412,0.987599790096283,0.134708404541016,-0.374895393848419,1.06491607931375
4.3948171,1.2686128616333,0.105366706848145,-0.47585916519165,1.35901533497983
4.399571787,1.52876460552216,0.0736932754516602,-0.584155559539795,1.63822758970949
4.404326423,1.70818066596985,0.0779266357421875,-0.694924354553223,1.84577181869875
4.40908111,1.90494632720947,-0.00384235382080078,-0.777082085609436,2.05735068498466
4.413835798,2.0666069984436,-0.11415958404541,-0.813990354537964,2.22406771343103
4.418590485,2.15749335289001,-0.166970252990723,-0.855948090553284,2.32708052436313
4.423345121,2.17305278778076,-0.198180198669434,-0.879000425338745,2.35246159530227
4.428099808,2.16354966163635,-0.176772117614746,-0.91202449798584,2.35456667029394
4.432854496,2.01181602478027,-0.0598478317260742,-1.11073970794678,2.29885366635954
4.437609131,1.79665982723236,0.133268356323242,-1.18171238899231,2.15457447304233
4.442363819,1.50375306606293,0.237583160400391,-0.754791259765625,1.69924362220903
4.447118454,1.2357736825943,0.0884513854980469,-0.393472909927368,1.2999158330584
4.451873194,1.02397799491882,-0.198979377746582,-0.39296305179596,1.11469443657138
4.456627881,0.90451854467392,-0.289997100830078,-0.557036399841309,1.10115469707805
4.461382516,0.784293651580811,-0.201642990112305,-0.628036975860596,1.02479601405329
4.466137204,0.689356982707977,0.0515079498291016,-0.491496920585632,0.848195343920847
4.470891891,0.573593854904175,0.282851219177246,-0.467827320098877,0.792386978694617
4.475646579,0.567738771438599,0.334680557250977,-0.595098853111267,0.887964544883848
4.480401214,0.597535014152527,0.216804504394531,-0.817950248718262,1.03590293736541
4.485155902,0.55106121301651,0.113446235656738,-1.02876234054565,1.17255723195113
4.489910589,0.311609625816345,0.163155555725098,-1.07489657402039,1.13098317366181
4.494665225,-0.0561206638813019,0.291630744934082,-0.925749659538269,0.972219343790539
4.499419912,-0.444861799478531,0.369710922241211,-0.598335266113281,0.832221891886157
4.5041746,-0.699633717536926,0.292343139648438,-0.381704688072205,0.84891125502631
4.508929287,-0.849293410778046,0.15534782409668,-0.404414176940918,0.953406036562271
4.513683923,-0.894018650054932,0.0185232162475586,-0.448812603950501,1.00052246833893
4.51843861,-0.826577305793762,-0.0345067977905273,-0.335776805877686,0.892841993251019
4.523193298,-0.706817269325256,-0.0134162902832031,-0.24957275390625,0.749704747586491
4.527947985,-0.608904480934143,0.103199005126953,-0.29296875,0.683553501956821
4.532702621,-0.449311912059784,0.174236297607422,-0.257822036743164,0.546545226265086
4.537457308,-0.245085597038269,0.0444393157958984,-0.177484035491943,0.305846996909431
4.542211996,0.0133087038993835,-0.0756158828735352,-0.235713601112366,0.247902773464891
4.546966683,0.0943523645401001,-0.0784158706665039,-0.53047788143158,0.544479751831811
4.551721319,-0.0208100080490112,0.0812482833862305,-0.428570508956909,0.436700150144001
4.556476006,-0.14813756942749,0.140328407287598,-0.150167942047119,0.253351953192442
4.561230694,-0.230452239513397,0.0273065567016602,-0.132379055023193,0.267166796111483
4.565985381,-0.191141545772553,-0.173965454101563,-0.190949559211731,0.321342191291835
4.570740016,-0.225963830947876,-0.291340827941895,-0.120532393455505,0.387901003858744
4.575494704,-0.320156157016754,-0.23170280456543,0.0405102968215942,0.397274764700448
4.580249391,-0.301705718040466,-0.0526084899902344,0.172725081443787,0.351607661004604
4.585004079,-0.120885193347931,0.0785140991210938,0.123312473297119,0.189693594520786
4.589758714,0.109751045703888,0.106747627258301,-0.00245225429534912,0.153122047757673
4.594513402,0.273168802261353,-0.00125217437744141,-0.0493204593658447,0.277588310599765
4.599268089,0.350532710552216,-0.171197891235352,-0.00289475917816162,0.390115724832022
4.604022777,0.428064525127411,-0.350445747375488,0.131856441497803,0.568715729244922
4.608777412,0.508268415927887,-0.460111618041992,0.338120222091675,0.76443755027758
4.6135321,0.615175068378449,-0.411812782287598,0.362779140472412,0.824402108907894
4.618286787,0.557670950889587,-0.282186508178711,0.134499073028564,0.639309092309607
4.623041475,0.720394372940064,-0.157438278198242,0.112006783485413,0.745855470954315
4.62779611,0.950088202953339,-0.152266502380371,0.0895358324050903,0.966369156390418
4.632550798,0.976910054683685,-0.123103141784668,0.0982743501663208,0.989527910854439
4.637305485,0.899246156215668,-0.0484514236450195,0.035436749458313,0.90124744278919
4.642060173,0.803209066390991,0.076385498046875,0.0586693286895752,0.808963311141762
4.646814808,0.748340964317322,0.186794281005859,0.201223134994507,0.797117966394493
4.651569496,0.698649287223816,0.246959686279297,0.243228435516357,0.779910241649159
4.656324183,0.678089559078217,0.252174377441406,0.117892503738403,0.733004781162143
4.661078871,0.734530687332153,0.228778839111328,0.0140277147293091,0.769462061857698
4.665833506,0.691234469413757,0.14573860168457,0.0317836999893189,0.707145695957844
4.670588194,0.586746335029602,0.0557355880737305,0.149596452713013,0.608076324249605
4.675342829,0.456873714923859,-0.0101261138916016,0.190729022026062,0.495190558688159
4.680097569,0.423547446727753,0.0437183380126953,0.12661337852478,0.444223682765395
4.684852204,0.479207515716553,0.219477653503418,0.0768295526504517,0.532647222528256
4.689606891,0.573414027690888,0.447671890258789,-0.0447560548782349,0.728846261518042
4.694361579,0.703682661056519,0.513171195983887,-0.173545122146606,0.888049476819843
4.699116266,0.848501563072205,0.425721168518066,-0.194945216178894,0.969121794807752
4.703870902,0.981651604175568,0.302657127380371,-0.106470584869385,1.03275224239748
4.708625589,1.04836404323578,0.363941192626953,-0.0298101902008057,1.11013918329199
4.713380277,1.03429007530212,0.57349967956543,-0.148916363716126,1.19198738487979
4.718134964,1.08738541603088,0.653876304626465,-0.179434537887573,1.28146713501968
4.7228896,1.22207021713257,0.437960624694824,-0.0117099285125732,1.29823042901147
4.727644287,1.28103196620941,0.162769317626953,0.0696580410003662,1.2932087967096
4.732398975,1.14053392410278,-0.0114383697509766,0.227353930473328,1.16302978381189
4.737153662,0.980349957942963,-0.0249843597412109,0.544948697090149,1.12190879341001
4.741908298,0.922335147857666,-0.059661865234375,0.800049364566803,1.22243226760447
4.746662985,1.06663131713867,-0.12739372253418,0.906679153442383,1.40570217846068
4.751417673,1.4153825044632,-0.211416244506836,0.958075523376465,1.72218267639498
4.75617236,1.87052571773529,-0.299723625183105,0.889766693115234,2.09293704644436
4.760926996,2.33652544021606,-0.411356925964355,0.785662591457367,2.49916613311945
4.765681683,2.75864601135254,-0.512747764587402,0.720013797283173,2.89680133152393
4.770436371,3.05357074737549,-0.544108390808106,0.81457382440567,3.20684872820374
4.775191058,3.11393690109253,-0.524598121643066,0.901948273181915,3.28410062280574
4.779945694,3.00660181045532,-0.425595283508301,0.915451765060425,3.17156707734993
4.784700381,2.94179248809814,-0.345173835754395,1.0273185968399,3.1350712143958
4.789455069,2.85704708099365,-0.29285717010498,1.09905207157135,3.07512581874653
4.794209756,2.68790698051453,-0.220717430114746,1.02592504024506,2.88549515821063
4.798964391,2.52769684791565,-0.0905523300170898,1.00860941410065,2.72300275975745
4.803719079,2.32629776000977,0.0259151458740234,1.00635027885437,2.53477291818466
4.808473766,2.1099739074707,0.131113052368164,0.923556923866272,2.30697592408976
4.813228454,1.88600039482117,0.263304710388184,0.831798732280731,2.07803175885308
4.817983089,1.68785333633423,0.346014022827148,0.709487795829773,1.86331626982619
4.822737777,1.66360521316528,0.453368186950684,0.714178085327148,1.86632670124263
4.827492464,1.76525497436523,0.496912002563477,0.733116805553436,1.97497010443139
4.832247152,1.86142110824585,0.526979446411133,0.804441630840302,2.09516639353346
4.837001787,1.97365355491638,0.589024543762207,0.784627377986908,2.2040640621985
4.841756475,2.21428656578064,0.749970436096191,0.666601181030273,2.43102401982496
4.846511162,2.50932717323303,1.06711959838867,0.698815703392029,2.81492637326417
4.85126585,2.68911480903626,1.48299026489258,0.787853062152863,3.17038026575487
4.856020537,2.70837473869324,1.80876350402832,0.611209392547607,3.31368315628318
4.860775173,2.81813597679138,2.1473388671875,0.57781457901001,3.58982231899248
4.86552986,2.90846705436707,2.59673595428467,0.653897881507874,3.95345426962977
4.870284548,2.96266460418701,3.07797050476074,0.796027779579163,4.3456810986244
4.875039235,3.29152679443359,3.38786506652832,1.03933703899384,4.83652766229055
4.879793871,3.6611475944519,3.68220043182373,1.01790535449982,5.29138290423243
4.884548558,3.96687388420105,4.34132385253906,0.65372908115387,5.91697075515227
4.889303246,4.55036067962647,5.47722721099854,0.346656918525696,7.12923356713435
4.894057933,5.18186092376709,6.6831111907959,0.0221349000930786,8.45672204672755
4.898812569,5.52940320968628,7.77021408081055,0.0811020135879517,9.53714340111983
4.903567256,5.48585319519043,8.52371501922607,0.854955136775971,10.1724751803119
4.908321944,5.40713787078857,8.59750270843506,1.6501601934433,10.2896657593572
4.913076631,5.84212446212769,8.14764499664307,2.39786148071289,10.3084565723002
4.917831266,7.01890468597412,7.44455528259277,3.06663370132446,10.6813233545506
4.922585954,8.50201606750488,6.75160789489746,2.83913850784302,11.2218177602949
4.927340641,9.99355888366699,6.27016258239746,1.33418440818787,11.8729190179192
4.932095329,11.2799530029297,6.26595687866211,-0.326483488082886,12.9076003510159
4.936850016,12.238073348999,6.61701965332031,-1.12079083919525,13.9574911962405
4.941604652,12.7510709762573,7.06047248840332,-1.64614391326904,14.6679880210015
4.946359339,12.7349433898926,7.34810829162598,-2.34665727615356,14.8889314250874
4.951114027,12.4159841537476,7.63786125183106,-2.17056345939636,14.7378740915913
4.955868714,12.1866874694824,7.7282075881958,-1.37124180793762,14.495545802105
4.96062335,12.002347946167,7.49691295623779,-0.60088050365448,14.1640784195068
4.965378037,11.441593170166,6.91083240509033,-0.31673264503479,13.3704890849687
4.970132725,10.6023445129395,6.08279514312744,-0.447195291519165,12.2315203287682
4.974887412,9.75692367553711,5.39067268371582,-0.615525007247925,11.1640397091628
4.979642048,9.31566715240479,4.90803813934326,-0.895653128623962,10.5675298626716
4.984396735,9.01477909088135,4.57921886444092,-0.996994733810425,10.1601912366396
4.989151423,8.55520629882813,4.38920450210571,-1.17493176460266,9.68695698495073
4.99390611,7.80048179626465,4.22972202301025,-1.65274381637573,9.02605266815801
4.998660746,6.94155931472778,4.02624559402466,-2.26271915435791,8.33761340401348
5.003415433,5.66281604766846,4.02489709854126,-2.92749190330505,7.53906433766777
5.008170121,4.62580442428589,4.26075029373169,-3.29752206802368,7.10110635227925
5.012924808,3.76024889945984,4.57280778884888,-3.26819610595703,6.76248095351392
5.017679496,2.37478542327881,5.06998538970947,-3.19739294052124,6.44730015390784
5.022434131,0.862827301025391,5.6688289642334,-2.59935522079468,6.29577162395515
5.027188819,-0.0769667625427246,6.01557397842407,-1.82299900054932,6.28620549524377
5.031943506,-0.488632678985596,5.9988808631897,-1.18196105957031,6.13370731711718
5.036698194,-0.711573123931885,5.71862745285034,-0.704788208007813,5.80566642801174
5.041452829,-0.962681293487549,5.17682361602783,-0.469924688339233,5.28650047167359
5.046207516,-1.24587535858154,4.59485721588135,-0.728899955749512,4.81624473931187
5.050962204,-0.984500885009766,3.39052677154541,-0.942528963088989,3.65421327065249
5.055716891,-0.920869827270508,1.55316400527954,-1.57048225402832,2.39305958477658
5.060471527,-1.7947883605957,-0.177213191986084,-1.88130474090576,2.60614222614542
5.065226214,-2.26998567581177,-1.52248668670654,-2.26709485054016,3.55112936133492
5.069980902,-2.02172088623047,-2.41582632064819,-2.56933236122131,4.0651003598652
5.074735589,-2.0088381767273,-2.96051216125488,-2.91582417488098,4.6154191246338
5.079490225,-2.87563467025757,-3.17610836029053,-3.72420024871826,5.676848295106
5.084244912,-3.86967325210571,-3.15935611724854,-4.85698795318604,6.9675127650441
5.0889996,-3.91960906982422,-2.37798690795898,-5.61384201049805,7.24799138475656
5.093754287,-2.65685319900513,-0.814587593078613,-3.80659484863281,4.71302304359943
5.098508975,-1.78797626495361,1.32713651657105,-0.638236999511719,2.31635423137298
5.10326361,-2.07823657989502,3.30085372924805,1.30345177650452,4.11262557955101
5.108018298,-2.57688188552856,4.28459787368774,2.10820531845093,5.42610623337947
5.112772985,-2.05502986907959,3.73420143127441,2.17706966400147,4.7861300038817
5.117527673,-0.736609935760498,2.25382089614868,1.27469968795776,2.69205537161797
5.122282256,0.775192260742188,0.515754222869873,-0.398407697677612,1.01274584822228
5.127036996,1.6763334274292,-1.0302882194519,-1.64504504203796,2.56471455826795
5.131791683,2.325364112854,-2.31298303604126,-2.35044646263123,4.03507216243521
5.136546371,2.81112909317017,-3.31874799728394,-2.5597779750824,5.04668191286719
5.141301006,3.29959559440613,-4.07021427154541,-2.20097041130066,5.68315458652475
5.146055694,3.59201550483704,-4.61615562438965,-1.77285170555115,6.11183043821157
5.150810381,3.35175704956055,-4.85012245178223,-1.6911940574646,6.13335963861279
5.155565069,2.3879919052124,-4.74067211151123,-2.03022742271423,5.68315940267042
5.160319756,1.20687532424927,-4.20738029479981,-2.34814429283142,4.96712981643406
5.165074391,0.177519798278809,-3.40458250045776,-2.30458974838257,4.11507341241371
5.169829079,-0.842903137207031,-2.56536197662354,-1.88696122169495,3.29426629494334
5.174583766,-1.80860376358032,-1.85994148254395,-1.15283203125,2.8389173260947
5.179338454,-2.64847993850708,-1.37465763092041,-0.351567506790161,3.00461799547843
5.184093089,-3.25609588623047,-1.10481929779053,0.490854740142822,3.4732872724579
5.188847777,-3.25791883468628,-1.14602708816528,0.799596548080444,3.54496373181932
5.193602464,-2.81833600997925,-1.5338830947876,0.60005521774292,3.2643347680594
5.198357152,-1.94821310043335,-2.1816201210022,0.319231510162354,2.94226263174148
5.203111787,-0.992130279541016,-2.80597066879272,-0.0441298484802246,2.97653176183862
5.207866475,-0.191249847412109,-3.32686853408813,-0.531543254852295,3.37448795804932
5.212621162,0.395198345184326,-3.67861270904541,-0.918836832046509,3.81216924061775
5.21737585,0.748678684234619,-3.87705206871033,-1.2046320438385,4.12833996622866
5.222130537,0.89860200881958,-3.90250968933105,-1.24505543708801,4.19371320991312
5.226885173,0.716597557067871,-3.75488042831421,-1.2199649810791,4.01259936260675
5.23163986,0.188666820526123,-3.59220123291016,-1.24237465858459,3.80565364414339
5.236394548,-0.379389762878418,-3.47448539733887,-1.16206407546997,3.68325647817198
5.241149235,-1.01416826248169,-3.48550605773926,-0.963057279586792,3.75563164686412
5.245903871,-1.62243700027466,-3.53906679153442,-0.717873573303223,3.95886827793615
5.250658558,-2.23755025863647,-3.611083984375,-0.582571983337402,4.28788395574128
5.255413246,-2.8378701210022,-3.64402389526367,-0.727273941040039,4.67561165605587
5.260167933,-3.38986492156982,-3.68316221237183,-1.1234917640686,5.1302145971746
5.264922569,-3.637531042099,-3.71384477615356,-1.42734885215759,5.39088117559203
5.269677256,-3.80499505996704,-3.59461879730225,-1.51059031486511,5.4480413731594
5.274431944,-4.02516937255859,-3.43276071548462,-1.43166875839233,5.48046622481289
5.279186631,-4.04632949829102,-3.40712451934814,-1.36792278289795,5.46374346387663
5.283941319,-4.29561138153076,-3.2398247718811,-1.36695265769959,5.5513332868801
5.288695954,-4.46919822692871,-3.03112745285034,-1.28708410263062,5.55140089655307
5.293450641,-4.47660541534424,-2.92189407348633,-1.19228720664978,5.47713518223757
5.298205329,-4.36105251312256,-2.8735294342041,-1.05804204940796,5.32873375294406
5.302960016,-4.15166282653809,-2.85713577270508,-0.964961290359497,5.13134283992227
5.307714652,-3.89886546134949,-2.87006902694702,-0.928874969482422,4.92963049467965
5.312469339,-3.65563535690308,-2.91454362869263,-0.963243722915649,4.77347597625976
5.317224027,-3.36488890647888,-2.96409511566162,-1.08873391151428,4.61450742091883
5.321978714,-3.15805530548096,-3.00659894943237,-1.35006904602051,4.56460699121261
5.32673335,-2.93195796012878,-3.04906892776489,-1.55313336849213,4.50615379969965
5.331488037,-2.76734900474548,-2.96234750747681,-1.50676476955414,4.32481945749061
5.336242725,-3.16537547111511,-2.51951265335083,-1.3380264043808,4.26120411883218
5.340997412,-2.69676733016968,-2.73427963256836,-0.879947066307068,3.93994238303697
5.3457521,-3.12503480911255,-2.69765663146973,-0.866507649421692,4.21829697460764
5.350506735,-3.38806319236755,-2.62024545669556,-1.2392578125,4.4587462783446
5.355261423,-3.45971727371216,-2.6957631111145,-1.32931637763977,4.58299731585448
5.36001611,-3.80043768882751,-2.47001552581787,-1.26635766029358,4.70616245450858
5.364770798,-4.23278999328613,-2.17046213150024,-1.20345282554626,4.90670110103062
5.369525433,-4.58228874206543,-1.86657810211182,-1.18841230869293,5.08859585174494
5.374280121,-4.82519912719727,-1.49632167816162,-1.35039842128754,5.22925435199489
5.379034808,-5.0501708984375,-1.18170928955078,-1.67043662071228,5.44894682046469
5.383789496,-4.83177423477173,-1.09477519989014,-2.06046199798584,5.36563869816467
5.388544183,-4.67149209976196,-1.10867977142334,-2.65722393989563,5.48751750251935
5.393298819,-5.62463855743408,-0.685765266418457,-3.11210799217224,6.46467702652982
5.398053506,-5.01445484161377,-1.50164794921875,-2.58152961730957,5.83643719121719
5.402808194,-4.90807199478149,-1.97553110122681,-2.3344030380249,5.78284803378168
5.407562881,-4.81538343429565,-2.17047262191772,-2.06294536590576,5.67050373463377
5.412317569,-4.63030672073364,-2.40036249160767,-2.11466097831726,5.62790116050432
5.417072204,-4.47904300689697,-2.61787700653076,-2.28054141998291,5.66709585654
5.421826891,-4.17010498046875,-2.79245948791504,-2.28281402587891,5.51351479698082
5.426581579,-3.78219509124756,-2.79328298568726,-2.16875338554382,5.17792630245882
5.431336266,-3.34626388549805,-2.5781044960022,-2.03092527389526,4.68708462179229
5.436090902,-2.75977158546448,-2.21934509277344,-2.07667779922485,4.10541380698073
5.440845589,-2.18812823295593,-1.74141454696655,-2.57355785369873,3.80047757717106
5.445600277,-1.81555151939392,-1.14946460723877,-3.22100687026978,3.87199967215821
5.450354964,-2.00513434410095,-0.355358123779297,-3.97987842559814,4.47060123658672
5.455109548,-2.28762984275818,0.301148414611816,-5.17179155349731,5.66315888333774
5.459864287,-1.48135960102081,0.236797332763672,-5.24737930297852,5.45760834007607
5.464618975,-0.228300333023071,-0.230656623840332,-2.73120260238647,2.75041654580947
5.469373662,0.0264151096343994,-0.767356872558594,-0.134103298187256,0.779434424736683
5.474128298,-0.730359077453613,-1.52954578399658,0.85645067691803,1.89906357169895
5.478882985,-1.76905739307404,-2.40032482147217,1.04690873622894,3.16024385302112
5.483637673,-2.21034288406372,-3.34641695022583,1.3898059129715,4.24448849045682
5.48839236,-2.04332280158997,-4.08139085769653,1.86711978912354,4.93143546157942
5.493147048,-1.51556885242462,-4.39313316345215,2.03603148460388,5.07365668375
5.497901735,-0.986613035202026,-4.32052755355835,1.45831990242004,4.66551825203609
5.502656371,-0.774278163909912,-3.89273500442505,0.299398422241211,3.98026781825348
5.507411058,-0.832125425338745,-3.19371747970581,-0.959285795688629,3.436930796726
5.512165746,-0.939530372619629,-2.58189582824707,-2.06679749488831,3.43810344141519
5.516920433,-1.03672385215759,-2.25017356872559,-2.77708768844605,3.72159824058728
5.521675069,-1.15758681297302,-2.38642120361328,-3.19955062866211,4.15597613275103
5.526429756,-1.39328181743622,-2.80083847045898,-3.41160750389099,4.62871430539915
5.531184444,-1.98298859596252,-2.56561326980591,-3.37488555908203,4.68022090919029
5.535939131,-2.05446672439575,-1.17155933380127,-2.29260516166687,3.29384626562441
5.540693819,-0.219190359115601,-0.484746932983398,-2.97702860832214,3.02418969929707
5.545448454,0.969691514968872,-0.203922271728516,-1.9682731628418,2.20362999858706
5.550203141,-0.734907388687134,1.49107646942139,-1.54194402694702,2.26737497777643
5.554957829,-1.89191424846649,3.60727691650391,-4.15587615966797,5.81920036864079
5.559712516,-0.815461277961731,5.43583488464356,-3.27492475509644,6.39831306990415
5.564467204,0.981576919555664,7.90645122528076,0.914584398269653,8.01947185594577
5.569221839,3.95079374313355,11.0215625762939,5.5212345123291,12.9447921329035
5.573976527,8.51164722442627,13.4237070083618,7.12131881713867,17.4171533269579
5.578731214,11.519437789917,14.6717100143433,6.55063343048096,19.7703646926728
5.583485902,11.1393947601318,14.2598934173584,1.19639551639557,18.1345537063399
5.588240537,8.97255992889404,10.5419292449951,-5.20315265655518,14.7889114356499
5.592995225,6.53181552886963,5.58078479766846,-5.88478231430054,10.4134737694861
5.597749912,2.82869434356689,2.01125049591064,-3.67864656448364,5.05757657312427
5.6025046,-1.79994356632233,-0.323758125305176,-2.68011879920959,3.24463448535007
5.607259235,-6.27249908447266,-2.02385377883911,-2.18508553504944,6.94368977405485
5.612013923,-10.0071992874146,-3.22290086746216,-1.38579893112183,10.6043182834644
5.61676861,-12.9932193756104,-3.78255081176758,-0.533446907997131,13.5431165538066
5.621523298,-14.938401222229,-3.67218160629272,-0.114820897579193,15.3835604677334
5.626277985,-15.2811765670776,-3.33203172683716,-0.376834571361542,15.6447689978799
5.631032621,-14.4172773361206,-2.67871379852295,-1.40073847770691,14.7307658213666
5.635787308,-12.4019355773926,-1.57910919189453,-2.24754214286804,12.7024815524247
5.640541996,-9.92105484008789,-0.144232749938965,-3.11588788032532,10.3998504560856
5.645296683,-8.06113433837891,1.25466728210449,-5.59393835067749,9.89182607415615
5.650051371,-7.02023029327393,2.37607765197754,-8.12797260284424,10.999696223597
5.654806006,-6.34105825424194,3.10312938690186,-8.7997989654541,11.2816175084937
5.659560641,-5.38898944854736,3.11602401733398,-7.2186017036438,9.53199997424498
5.664315381,-3.9117636680603,2.1287727355957,-5.27009439468384,6.89981617751156
5.669070069,-2.1661684513092,0.768387794494629,-4.10383558273315,4.7036339198839
5.673824756,-1.00014889240265,-0.281603813171387,-3.56729626655579,3.7155351119253
5.678579391,-0.461211740970612,-0.694436073303223,-3.01702094078064,3.13007557209452
5.683334079,-0.223609447479248,-0.588001251220703,-2.38385534286499,2.46546404397733
5.688088766,-0.032770574092865,-0.0512332916259766,-2.00693249702454,2.00785378160621
5.692843454,0.185992419719696,0.652578353881836,-1.91488289833069,2.03155807262988
5.697598089,0.361651420593262,1.27234649658203,-1.67776012420654,2.13647756640674
5.702352777,0.440673291683197,1.45450592041016,-1.17142200469971,1.91885641349367
5.707107464,0.401511907577515,1.15661334991455,-0.922995090484619,1.53325998779914
5.711862152,0.111302435398102,0.620573043823242,-1.27064192295074,1.41846044400454
5.716616839,-0.757871985435486,0.221714019775391,-1.91996443271637,2.07600348645391
5.721371475,-2.1471745967865,0.17241096496582,-2.1330349445343,3.03148847342855
5.726126162,-3.5307252407074,0.211760520935059,-1.71451151371002,3.93070133363491
5.73088085,-4.62961864471436,0.09600830078125,-1.01067101955414,4.73962470023443
5.735635537,-5.40884113311768,-0.219932556152344,-0.486507892608643,5.43512857825203
5.740390225,-5.87090873718262,-0.42275333404541,-0.423288822174072,5.90131029592168
5.74514486,-5.98961734771729,-0.393182754516602,-0.505514860153198,6.02375745895872
5.749899548,-5.54059553146362,-0.157918930053711,-0.480686187744141,5.5636495614688
5.754654235,-4.5627326965332,0.108267784118652,-0.528608679771423,4.59452703870821
5.759408923,-3.26946067810059,0.347952842712402,-0.692288756370544,3.36001607564527
5.76416361,-1.89036428928375,0.494211196899414,-0.747136116027832,2.09187337791109
5.768918246,-0.702428102493286,0.554331779479981,-0.795793652534485,1.19748757752552
5.773672933,0.117963753640652,0.621644020080566,-1.03621387481689,1.21412352305602
5.778427621,0.673837602138519,0.581405639648438,-1.20306849479675,1.49648369020291
5.783182308,1.12280511856079,0.378787994384766,-0.968991637229919,1.53072416586982
5.787936944,1.37425804138184,0.214741706848145,-0.635260224342346,1.52913528426826
5.792691631,1.19958567619324,0.203977584838867,-0.36879825592041,1.2714656122816
5.797446319,0.814649760723114,0.269870758056641,-0.214692950248718,0.884634117354057
5.802201006,0.384734451770782,0.331057548522949,-0.137133717536926,0.525761690596497
5.806955694,0.0746902823448181,0.41379451751709,-0.305916786193848,0.51999002017262
5.811710329,-0.0847793966531754,0.532345771789551,-0.324352502822876,0.62911375197698
5.816465016,-0.141671404242516,0.576735496520996,-0.171140909194946,0.618048404679956
5.821219704,-0.184368997812271,0.513614654541016,-0.106876373291016,0.556070588937617
5.825974391,-0.210286021232605,0.326407432556152,-0.0763888359069824,0.395723738237881
5.830729079,-0.157217919826508,0.0989294052124023,-0.00778615474700928,0.18591698614166
5.835483714,0.0273296535015106,-0.120935440063477,-0.00124502182006836,0.123991292852328
5.840238402,0.149898543953896,-0.218486785888672,-0.0280040502548218,0.266440004350201
5.844993089,0.205828443169594,-0.134189605712891,0.040675163269043,0.249051535241128
5.849747777,0.271615624427795,-0.045100212097168,0.0421764850616455,0.278546104723556
5.854502412,0.380810171365738,0.10855770111084,-0.202426433563232,0.444721960432811
5.8592571,0.535763621330261,0.240629196166992,-0.446988821029663,0.738067797776313
5.864011787,0.672059893608093,0.331988334655762,-0.3930823802948,0.846400917203103
5.868766475,0.670126795768738,0.356416702270508,-0.358771204948425,0.839535327169027
5.873521162,0.608839452266693,0.297298431396484,-0.319958209991455,0.749296398021606
5.87827585,0.762936413288117,0.238405227661133,-0.226254463195801,0.830722640484243
5.883030485,1.0008692741394,0.177329063415527,-0.357470870018005,1.07748332866898
5.887785173,1.22240245342255,0.164226531982422,-0.261908650398254,1.2608862966556
5.89253986,1.38951754570007,0.148921012878418,-0.0805907249450684,1.39979689342142
5.897294548,1.45922744274139,0.0717086791992188,0.0168741941452026,1.46108576159996
5.902049235,1.42933869361877,0.0330324172973633,0.0950641632080078,1.43287732789474
5.906803871,1.34998321533203,0.0519828796386719,0.218653917312622,1.36856364010224
5.911558558,1.29051518440247,0.142834663391113,0.318291187286377,1.33683972941544
5.916313246,1.1362384557724,0.17646598815918,0.226723551750183,1.1719989941426
5.921067933,0.930272042751312,0.152889251708984,0.237789273262024,0.972278219076882
5.925822569,0.74417644739151,0.100863456726074,0.315611243247986,0.814605719731651
5.930577256,0.651779413223267,0.118428230285645,0.1018887758255,0.670240980446193
5.935331944,0.772372007369995,0.241280555725098,-0.0950236320495606,0.814741870157449
5.940086631,1.06518983840942,0.364084243774414,-0.191853761672974,1.14192582696231
5.944841266,1.11464405059814,0.491706848144531,-0.284112453460693,1.25097037145471
5.949595954,0.889931857585907,0.490352630615234,-0.295214653015137,1.05810023384008
5.954350641,0.565458834171295,0.353018760681152,-0.194035291671753,0.694273456895307
5.959105329,0.294113039970398,0.237555503845215,-0.0214128494262695,0.378673484427329
5.963860016,0.0758602619171143,0.241888046264648,0.232000708580017,0.343640706327833
5.968614652,0.0300099849700928,0.282224655151367,0.4347003698349,0.519149079463512
5.973369339,0.0799720287322998,0.298827171325684,0.486534595489502,0.576549318194205
5.978124027,0.154065489768982,0.246313095092773,0.559626221656799,0.630545655696559
5.982878714,0.154505133628845,0.194106101989746,0.759122490882874,0.798633815532212
5.987633402,0.205589532852173,0.14223575592041,0.872317671775818,0.907433847050576
5.992388089,0.383633732795715,0.138487815856934,0.753553628921509,0.856852839022182
5.997142725,0.745816469192505,0.20904541015625,0.663411021232605,1.01983154114739
6.001897412,1.30173230171204,0.282195091247559,0.449018120765686,1.40561670722167
6.0066521,1.89358246326447,0.439238548278809,0.139309167861938,1.94884378330516
6.011406787,2.47626876831055,0.591614723205566,0.0159676074981689,2.5460105966223
6.016161475,3.01898503303528,0.725025177001953,0.0834684371948242,3.10594576851971
6.02091611,3.33102750778198,0.863508224487305,0.176834106445313,3.44567279534197
6.025670798,3.47004222869873,1.00238418579102,0.494676470756531,3.645637383997
6.030425485,3.57934308052063,1.0461368560791,0.879344701766968,3.83136350588712
6.035180173,3.78286504745483,1.08811187744141,1.05622565746307,4.0754960513498
6.039934808,4.02355718612671,1.08298969268799,1.25490629673004,4.3516283065162
6.044689496,4.19210815429688,1.12891864776611,1.63531446456909,4.63923285561582
6.049444183,4.231858253479,1.21883773803711,2.08015942573547,4.87044689383612
6.054198871,4.27193403244019,1.33127784729004,2.34341955184937,5.05107278508197
6.058953558,4.50786018371582,1.24871063232422,2.38464975357056,5.25039390202431
6.063708194,4.92017555236816,0.937898635864258,2.34251570701599,5.52948109273321
6.068462881,5.38016891479492,0.666962623596191,2.4298894405365,5.94099481452649
6.073217569,5.62540435791016,0.548370361328125,2.59652829170227,6.21995525810178
6.077972256,5.65621566772461,0.598858833312988,2.70886611938477,6.29994946287675
6.082726944,5.54419851303101,0.780031204223633,2.62852215766907,6.18512041635529
6.087481631,5.3824954032898,1.01763343811035,2.65667176246643,6.08808175325221
6.092236266,5.21886157989502,1.20648384094238,2.71659755706787,6.00599881248961
6.096990954,4.97938823699951,1.33715152740479,2.77697229385376,5.85609567398292
6.101745641,4.76475286483765,1.48384189605713,2.95692014694214,5.80069249235514
6.106500329,4.66574478149414,1.63215160369873,3.19128108024597,5.88365262032286
6.111255016,4.71079444885254,1.71518135070801,3.31729221343994,6.0114772755543
6.116009652,4.88536930084229,1.84062767028809,3.12236046791077,6.08308131770522
6.120764339,5.38525009155273,2.08741092681885,2.96058106422424,6.49024214985963
6.125519027,6.11731719970703,2.49382495880127,3.08979058265686,7.29297871186024
6.130273714,6.71853303909302,2.9810037612915,3.33726239204407,8.07232245983585
6.135028402,7.11506748199463,3.48214054107666,3.60733413696289,8.70415691476463
6.139783037,7.30224514007568,3.92578506469727,3.95296978950501,9.18479954145426
6.144537725,7.372971534729,4.2977409362793,4.31943893432617,9.56497982824156
6.149292412,7.37940692901611,4.62449550628662,4.72393417358398,9.90742950457033
6.1540471,7.38564395904541,4.90119934082031,4.99893856048584,10.1763882787438
6.158801787,7.37006759643555,5.20193195343018,5.01275777816773,10.3201614796828
6.163556423,7.2538013458252,5.58627986907959,4.72680234909058,10.3037283149231
6.16831111,7.07013130187988,6.11865520477295,4.65043354034424,10.4427597048805
6.173065798,6.96694755554199,6.71533203125,4.89606857299805,10.8446083379301
6.177820485,7.1777925491333,7.26645755767822,5.02442836761475,11.3827497441183
6.182575173,7.45102214813232,7.78664970397949,4.70431709289551,11.7592620506115
6.187329808,7.76304435729981,8.35234451293945,3.8707799911499,12.0419871406724
6.192084496,8.21456336975098,8.80551242828369,2.98409628868103,12.4064874618255
6.196839183,9.01314926147461,9.05051422119141,2.40220880508423,12.9968947991754
6.201593871,9.59950923919678,9.11879062652588,1.47191894054413,13.3217666054984
6.206348558,9.58239936828613,9.07748317718506,-0.0342409610748291,13.1994034307928
6.211103194,9.25155925750732,9.00053405761719,-1.63608145713806,13.010677328713
6.215857881,8.55167007446289,9.04307365417481,-2.91981291770935,12.7841131742377
6.220612569,7.38635444641113,9.31455039978027,-3.50246119499207,12.3929946171412
6.225367256,6.16118717193604,9.64697265625,-3.51774978637695,11.9749268205538
6.230121944,4.93766975402832,9.98036956787109,-3.58917689323425,11.6991687773987
6.234876631,3.84565901756287,10.0728874206543,-3.31579113006592,11.2803645812873
6.239631266,2.86659741401672,10.0002593994141,-2.62285947799683,10.7285581804329
6.244385954,2.02283716201782,9.71583080291748,-1.8693208694458,10.0986929296769
6.249140641,1.27935695648193,9.29694747924805,-1.55264186859131,9.51213348445542
6.253895329,0.443424701690674,8.78707790374756,-1.53193497657776,8.9306320227104
6.258649964,-0.153800487518311,7.98803329467773,-1.77730965614319,8.18481277248666
6.263404652,-0.297627925872803,6.99596643447876,-1.98798251152039,7.27902487979837
6.268159339,-0.465684413909912,5.83629083633423,-1.8990204334259,6.15511423989893
6.272914027,-1.13726615905762,4.54573774337769,-1.61296129226685,4.95567856892043
6.277668714,-2.22993183135986,3.04253530502319,-1.34422373771667,4.00456670713144
6.282423402,-3.27668237686157,1.37451028823853,-1.29414296150208,3.7816308566694
6.287178037,-3.91166925430298,-0.228641033172607,-1.24227333068848,4.11055666610367
6.291932725,-3.9237494468689,-1.51346063613892,-1.11393976211548,4.3505441743037
6.296687412,-3.83414888381958,-2.20058631896973,-0.933753728866577,4.51831537596745
6.3014421,-3.79788112640381,-2.17194271087647,-1.15355753898621,4.52459182527834
6.306196787,-3.53125286102295,-1.68621683120728,-1.59676384925842,4.22643215497753
6.310951423,-3.3279275894165,-0.854721546173096,-1.32459020614624,3.68241635018511
6.31570611,-3.36050319671631,0.54907751083374,-0.570887327194214,3.45259035919335
6.320460798,-2.98575162887573,1.69131231307983,0.496001482009888,3.46716996985518
6.325215485,-2.55559825897217,2.13137054443359,1.15983057022095,3.5240643879702
6.329970173,-1.76323461532593,1.94287729263306,0.731361627578735,2.72372140888295
6.334724808,-1.42622900009155,1.81714153289795,0.832408428192139,2.45540959976338
6.339479496,-0.641515254974365,0.964690685272217,1.05649280548096,1.5679116648105
6.344234183,0.271035194396973,-0.351901531219482,0.911834001541138,1.01426624248416
6.348988871,1.12713575363159,-1.71842336654663,0.585648775100708,2.13691327891075
6.353743558,1.70790386199951,-2.95956563949585,0.273368120193481,3.42792860273598
6.358498141,2.00556468963623,-3.94139409065247,0.160731554031372,4.42523578293939
6.363252881,2.00782108306885,-4.60965967178345,0.135030508041382,5.02976550441314
6.368007569,1.8240270614624,-4.98750114440918,0.249751329421997,5.31644788491133
6.372762256,1.45322704315186,-5.04623365402222,0.468896627426147,5.27221082442138
6.377516944,0.920316696166992,-4.81531620025635,0.777450799942017,4.96373676538406
6.382271579,0.211597919464111,-4.23379373550415,1.00018954277039,4.35547496787468
6.387026266,-0.467267990112305,-3.74037337303162,1.16832900047302,3.94635591370239
6.391780954,-1.29104042053223,-3.3739378452301,1.15139222145081,3.79156247456657
6.396535641,-1.83220624923706,-3.34022045135498,1.06134009361267,3.95480659422217
6.401290329,-2.01920080184937,-3.52618598937988,0.998202800750732,4.18420462469448
6.406045016,-2.19823265075684,-3.85917854309082,1.55404591560364,4.70537400448789
6.410799652,-2.19609928131104,-4.04890060424805,1.8672399520874,4.97021460252235
6.415554339,-2.20147848129272,-4.11650323867798,1.85934090614319,5.02486368202149
6.420309027,-2.20272731781006,-4.07406806945801,1.59064960479736,4.8969586925403
6.425063714,-2.10733699798584,-3.99380850791931,1.20944619178772,4.67484071513014
6.429818402,-1.89454126358032,-3.96202898025513,0.885412693023682,4.480057575161
6.434573037,-1.61748886108398,-4.00006437301636,0.692736625671387,4.36997359677974
6.439327725,-1.30983686447144,-4.03316020965576,0.543550491333008,4.27521941248718
6.444082412,-1.01925134658813,-4.05828857421875,0.507494211196899,4.21498871096407
6.4488371,-0.83146333694458,-4.00556373596191,0.61328387260437,4.13666402212372
6.453591787,-0.865474224090576,-3.83391332626343,0.655257940292358,3.98463298111403
6.458346423,-1.0590353012085,-3.6794638633728,0.588189363479614,3.87375487329576
6.46310111,-1.35979843139648,-3.62329626083374,0.481778860092163,3.89992800418569
6.467855798,-1.64602518081665,-3.56236410140991,0.357600212097168,3.9405221479632
6.472610485,-1.90816068649292,-3.55853796005249,0.222673892974854,4.04398977264091
6.477365173,-2.22733068466187,-3.58274126052856,0.0505142211914063,4.21895586671308
6.48211986,-2.49809455871582,-3.69671249389648,-0.0682251453399658,4.4621535559943
6.486874496,-2.85401296615601,-3.75894641876221,-0.11701488494873,4.72109740139
6.491629183,-3.20185828208923,-3.82891941070557,-0.327486753463745,5.00197639798065
6.496383871,-3.47011995315552,-3.96362829208374,-0.902099370956421,5.34470438866124
6.501138558,-3.70205998420715,-4.08862161636353,-1.50797581672668,5.71804738632826
6.505893246,-3.77838563919067,-4.13194942474365,-1.92506408691406,5.92073271021484
6.510647881,-3.76605343818665,-4.11487340927124,-2.13204646110535,5.97168014765667
6.515402569,-3.65778207778931,-4.04192638397217,-2.16515564918518,5.86552961012435
6.520157204,-3.63032555580139,-3.87463903427124,-2.2397997379303,5.76270718959724
6.524911944,-3.71978640556335,-3.76344680786133,-2.64007949829102,5.91357442972625
6.529666631,-3.78792572021484,-3.74154710769653,-3.27232360839844,6.24945260155313
6.534421319,-3.79652714729309,-3.73203611373901,-3.55080533027649,6.39921326632466
6.539175954,-3.70433712005615,-3.76310062408447,-3.32062530517578,6.23775538341995
6.543930641,-3.56306505203247,-3.73623466491699,-2.88102340698242,5.91229041133156
6.548685329,-3.59876918792725,-3.63435697555542,-2.53551006317139,5.70863394992062
6.553440016,-3.85359954833984,-3.46685886383057,-2.28862690925598,5.66631740996357
6.558194704,-4.37260437011719,-3.27907371520996,-2.05406379699707,5.83876455163957
6.562949391,-4.71601819992065,-2.78650426864624,-2.57449722290039,6.05255893419373
6.567704027,-4.87483882904053,-2.54379844665527,-2.87393951416016,6.20439299830194
6.572458714,-5.10680341720581,-2.23031520843506,-3.07500219345093,6.36469838725212
6.577213402,-5.56640863418579,-1.66677474975586,-3.12288069725037,6.59662239319644
6.581968089,-5.96671962738037,-0.872488021850586,-3.10131525993347,6.78093907962128
6.586722777,-4.56310701370239,-1.44384670257568,-2.42702054977417,5.36628993514744
6.591477412,-4.4863224029541,-1.41501045227051,-2.87593412399292,5.51365036693746
6.5962321,-4.84167003631592,-1.30800533294678,-2.70474028587341,5.69809325174687
6.600986787,-5.47047519683838,-0.662040710449219,-2.56582593917847,6.0784750992068
6.605741475,-5.65135622024536,-0.536588668823242,-2.28337907791138,6.11878864981124
6.610496162,-5.28145885467529,-0.694826126098633,-1.95448017120361,5.67420335542932
6.615250798,-5.02619743347168,-0.401124954223633,-1.80273914337158,5.35475772450839
6.620005485,-4.71985149383545,-0.0820703506469727,-1.49484574794769,4.95159544757781
6.624760173,-4.34815645217896,0.187630653381348,-1.21628868579865,4.51896315120134
6.62951486,-3.81388282775879,0.333480834960938,-1.23577558994293,4.02294083971644
6.634269548,-3.28508710861206,0.472256660461426,-1.6954687833786,3.72685364079818
6.639024235,-3.20643854141235,0.679931640625,-2.37019109725952,4.04491792170198
6.643778871,-3.62498664855957,0.891362190246582,-3.74314594268799,5.28641620615497
6.648533558,-2.94270610809326,0.472551345825195,-5.07688856124878,5.88707240284925
6.653288246,-0.914253234863281,-0.634381294250488,-2.50929737091064,2.74497211272027
6.658042933,0.697938680648804,-1.74698877334595,1.68129551410675,2.52306218351789
6.662797621,0.799180269241333,-2.86484146118164,3.11446356773376,4.30649381924448
6.667552308,0.0467319488525391,-3.90560388565063,2.51921844482422,4.64783682581429
6.672306944,-0.186939716339111,-4.83883571624756,2.11121988296509,5.28266286456036
6.677061631,0.496056318283081,-5.51449680328369,2.25988030433655,5.98020115499996
6.681816319,1.5827841758728,-5.62757921218872,2.18468475341797,6.24080932321032
6.686571006,2.24142026901245,-5.21291399002075,1.24703979492188,5.80978014556599
6.691325694,1.91415810585022,-4.32421493530273,-0.263536155223846,4.7362735738128
6.696080329,0.724593639373779,-3.4136381149292,-1.45304131507874,3.78011774753698
6.700835016,-0.588675498962402,-2.92493581771851,-2.26473331451416,3.74577166505402
6.705589704,-1.56339406967163,-3.02865600585938,-2.96115922927856,4.5150218382699
6.710344391,-2.22017812728882,-3.44365358352661,-3.33812785148621,5.2849823531489
6.715099079,-2.90657329559326,-3.67190027236938,-3.5898802280426,5.90069995717232
6.719853766,-3.93451046943665,-2.76419115066528,-3.60557174682617,6.01009758431874
6.724608402,-3.6420636177063,-2.29251623153687,-3.97895193099976,5.86108492827792
6.729363089,-2.77772688865662,-2.68787240982056,-4.82835054397583,6.18493279955023
6.734117777,-3.68162083625793,-2.72930479049683,-4.56818008422852,6.4708350236534
6.738872464,-5.82802581787109,-1.28178977966309,-4.77694463729858,7.64382561554334
6.743627152,-7.59748268127441,1.56332492828369,-4.52973604202271,8.9824404553583
6.748381787,-7.42907810211182,4.42508506774902,-3.51531386375427,9.33434576522617
6.753136475,-5.90167808532715,6.73259353637695,-2.34954571723938,9.25624032889668
6.757891162,-1.4861181974411,7.36847972869873,-1.55830430984497,7.67667591676835
6.76264585,5.38309001922607,7.20385837554932,0.0973124653100967,8.99348115948258
6.767400537,10.814380645752,8.7963981628418,4.85272359848023,14.7606360199589
6.772155225,12.0914287567139,11.841986656189,7.62087440490723,18.5610620396413
6.776909912,9.73639106750488,13.7477054595947,4.72714948654175,17.4969328366794
6.781664548,5.4230375289917,12.9903249740601,1.35471284389496,14.1418925841612
6.786419235,1.15842914581299,9.72880268096924,0.467035591602325,9.80865342108317
6.791173923,-2.20078992843628,5.62108325958252,0.642279982566834,6.0706323308426
6.79592861,-4.58669185638428,1.95058822631836,-0.165183454751968,4.98696522825229
6.800683246,-6.37662553787231,-0.708722114562988,0.617002725601196,6.44548932582433
6.805437933,-8.06285572052002,-2.40300798416138,1.11060619354248,8.48631462173072
6.810192621,-9.66830444335938,-3.47956943511963,0.339052200317383,10.2809761529653
6.814947308,-11.6268272399902,-3.91250133514404,-0.716681063175201,12.2883851710628
6.819701996,-13.9699993133545,-3.43704128265381,-1.92710208892822,14.515090631992
6.824456683,-15.1659450531006,-2.07797956466675,-1.86498093605042,15.4208314405116
6.829211371,-15.4846096038818,-0.065495491027832,-2.41739010810852,15.6723067599749
6.833966006,-15.7993478775024,1.53408432006836,-5.86450242996216,16.9223283506275
6.838720694,-15.8352727890015,2.30756950378418,-8.5665807723999,18.1512271609094
6.843475381,-14.5326671600342,2.32467365264893,-7.39257955551148,16.4697527261408
6.848230069,-11.7343673706055,1.74360084533691,-4.7271409034729,12.7703321263574
6.852984756,-8.67645263671875,0.928018569946289,-4.96062326431274,10.0374215809554
6.857739391,-5.83809566497803,0.46320915222168,-5.93783712387085,8.34001399409833
6.862494079,-3.38729786872864,0.498796463012695,-5.3096022605896,6.31778924376761
6.867248766,-1.34119534492493,0.792636871337891,-4.80710887908936,5.05325379715608
6.872003454,0.554492950439453,1.02667903900146,-5.41185998916626,5.53622261325813
6.876758141,2.58551287651062,1.2225170135498,-6.6035213470459,7.19624338553886
6.881512829,4.28354692459106,1.34408092498779,-7.39551639556885,8.65153110987976
6.886267464,4.93332242965698,1.32184982299805,-6.40795183181763,8.19431533615906
6.891022152,4.12129831314087,1.02708625793457,-4.51540279388428,6.19910222194745
6.895776839,2.02825021743774,0.689903259277344,-3.7685284614563,4.33492470713206
6.900531527,-0.35822057723999,0.58286190032959,-3.42707586288452,3.49469583036631
6.905286214,-2.426274061203,0.77001953125,-2.46659779548645,3.54455082955113
6.910040902,-4.25710535049439,1.03347587585449,-1.07438635826111,4.51057916436445
6.914795537,-5.80266618728638,1.31107139587402,0.107103109359741,5.9499003489294
6.919550225,-6.92700481414795,1.44041442871094,0.749309301376343,7.11474903638889
6.924304912,-7.35365867614746,1.37390327453613,1.16366136074066,7.57086612584985
6.9290596,-6.98815202713013,1.27185535430908,1.40763485431671,7.24108560090646
6.933814287,-5.99382400512695,1.09368705749512,1.20678997039795,6.21115284120601
6.938568923,-4.53630113601685,0.746288299560547,0.643000185489655,4.64202794705379
6.94332361,-2.912029504776,0.440056800842285,0.103396534919739,2.94690628763232
6.948078298,-1.4383636713028,0.287177085876465,-0.395601034164429,1.51916454270369
6.952832985,-0.27269047498703,0.285106658935547,-1.02577817440033,1.0990299200632
6.957587673,0.65699565410614,0.32850170135498,-1.50503385066986,1.67471894626221
6.96234236,1.3219929933548,0.316922187805176,-1.64488124847412,2.1339492658412
6.967096996,1.66273355484009,0.188292503356934,-1.62260842323303,2.33087859751605
6.971851683,1.67269814014435,-0.0764045715332031,-1.4338436126709,2.20446461350385
6.976606371,1.37904584407806,-0.21417236328125,-1.06455171108246,1.75525143122888
6.981361058,0.940087854862213,-0.222755432128906,-0.548227906227112,1.11082806706013
6.986115694,0.549492299556732,-0.219291687011719,-0.192679882049561,0.622218746271136
6.990870433,0.304956167936325,-0.203797340393066,-0.0598300695419312,0.371633229858537
6.995625121,0.165741875767708,-0.23604679107666,0.0894448757171631,0.301974904176896
7.000379756,0.101012967526913,-0.246684074401855,0.255117058753967,0.368973394487148
7.005134444,0.0583859533071518,-0.17357063293457,0.365638852119446,0.408934535518973
7.009889131,0.0402826815843582,-0.0741729736328125,0.268080353736877,0.281054088233653
7.014643819,0.122876241803169,0.00606441497802734,0.0892887115478516,0.152012571646466
7.019398506,0.274546056985855,0.0289173126220703,-0.0703251361846924,0.284881331707008
7.024153141,0.444872289896011,-0.0700769424438477,-0.179768919944763,0.484911328757852
7.028907829,0.574329376220703,-0.1378173828125,-0.215146422386169,0.628598318849897
7.033662516,0.658559560775757,-0.193437576293945,-0.166926026344299,0.706387350738058
7.038417204,0.729152500629425,-0.196313858032227,-0.0328094959259033,0.755829982901282
7.043171891,0.803115904331207,-0.184741020202637,0.0866888761520386,0.828637050573861
7.047926579,0.889727354049683,-0.161124229431152,0.189209580421448,0.923783549960321
7.052681214,1.04825496673584,-0.151740074157715,0.317961096763611,1.10587647793362
7.057435902,1.27611708641052,-0.170852661132813,0.282008767127991,1.318026704882
7.062190589,1.56381678581238,-0.227958679199219,0.0864237546920776,1.58270564679156
7.066945277,1.78974568843842,-0.215517044067383,-0.0251357555389404,1.8028502521768
7.071699964,1.69387876987457,-0.0978050231933594,0.0544945001602173,1.69757496451301
7.076454652,1.54430782794952,-0.087615966796875,0.231867432594299,1.56407344181845
7.081209287,1.42195534706116,-0.0270805358886719,0.399480581283569,1.47725255094804
7.085963975,1.25268959999084,0.0312204360961914,0.473922491073608,1.33970462307953
7.090718662,1.09855508804321,0.0610141754150391,0.5652756690979,1.23696507353332
7.09547335,1.02406406402588,0.134030342102051,0.666342735290527,1.22909884903845
7.100228037,1.06256484985352,0.235901832580566,0.645753383636475,1.26557938006158
7.104982725,1.13731980323792,0.313943862915039,0.551103472709656,1.30221815435502
7.10973736,1.15523862838745,0.34427547454834,0.516175746917725,1.31131205004761
7.114492048,0.965844869613648,0.27442741394043,0.660521626472473,1.20185503981091
7.119246735,0.61016708612442,0.22408390045166,0.876650094985962,1.09134451777158
7.124001423,0.281915009021759,0.267359733581543,1.06673395633698,1.13528790756128
7.12875611,0.196043610572815,0.363446235656738,1.18269062042236,1.25271040831252
7.133510798,0.273358047008514,0.419055938720703,1.19818866252899,1.29845622669939
7.138265433,0.496894419193268,0.393600463867188,1.11565446853638,1.28316416804206
7.143020121,0.90955924987793,0.354082107543945,0.923179745674133,1.34347795320363
7.147774808,1.33676242828369,0.264669418334961,0.809594988822937,1.58506395347314
7.152529496,1.56845116615295,0.166071891784668,0.793868541717529,1.76574239213318
7.157284183,1.67654156684875,0.0536127090454102,0.701768279075623,1.81828068940404
7.162038871,1.75896739959717,0.0778999328613281,0.473876714706421,1.82334688228169
7.166793506,1.86837291717529,0.193357467651367,0.318175077438355,1.90510888083426
7.171548194,1.98588633537292,0.392695426940918,0.160266160964966,2.0306746361029
7.176302881,2.08082365989685,0.628013610839844,0.105029106140137,2.17606509831926
7.181057569,2.12722420692444,0.93746280670166,0.266641616821289,2.33987544375664
7.185812256,2.10820984840393,1.23490524291992,0.353267192840576,2.46867118779231
7.190566891,2.11903524398804,1.39847946166992,0.362735509872437,2.5646894977947
7.195321579,2.24790167808533,1.41166591644287,0.441102743148804,2.69080550096039
7.200076266,2.47095680236816,1.39659214019775,0.664844274520874,2.91515266059855
7.204830954,2.76228713989258,1.33898448944092,1.02156257629395,3.23522793686374
7.209585641,3.06736302375793,1.31069087982178,1.34619188308716,3.59706256382276
7.214340329,3.40305376052856,1.30223846435547,1.65570735931396,4.00224521672285
7.219095016,3.85042476654053,1.32088470458984,2.00305700302124,4.5368209842312
7.223849652,4.50456714630127,1.26150703430176,2.19971251487732,5.16926110012229
7.228604339,5.20047473907471,1.21987628936768,2.25791049003601,5.79924093775472
7.233359027,5.79002523422241,1.1267614364624,2.38821744918823,6.36376980509495
7.238113714,6.26153612136841,0.972823143005371,2.50480961799622,6.81375745746607
7.242868402,6.62000274658203,0.806133270263672,2.64162969589233,7.17303943000454
7.247623089,6.8920431137085,0.767881393432617,2.76071166992188,7.4640089121088
7.252377725,7.03249263763428,0.728992462158203,3.02225089073181,7.68904305845617
7.257132412,6.88407230377197,0.677652359008789,3.24440908432007,7.64040931558311
7.2618871,6.59300899505615,0.649792671203613,3.3267068862915,7.41329729821627
7.266641787,6.38205623626709,0.700419425964356,3.41229653358459,7.27083191995643
7.271396475,6.32309341430664,0.882090568542481,3.33353424072266,7.20222497782664
7.276151162,6.35162210464478,1.20426464080811,3.25033235549927,7.23588398929379
7.280905798,6.44134378433228,1.56643390655518,3.15509223937988,7.34160963076606
7.285660485,6.51332759857178,1.89449214935303,3.08090209960938,7.45013386843851
7.290415173,6.51272106170654,2.13844585418701,2.98464369773865,7.47640182850926
7.295169808,6.41325759887695,2.48489475250244,3.08848452568054,7.5394503530387
7.299924548,6.31762981414795,2.91697120666504,3.45635008811951,7.76965400907709
7.304679183,6.19238758087158,3.32232189178467,3.84147143363953,8.00876953594201
7.309433871,6.00865411758423,3.76076126098633,4.06688404083252,8.17231884892382
7.314188558,5.81637191772461,4.30638027191162,4.24750804901123,8.39144909762433
7.318943246,5.81564044952393,4.92312049865723,4.59611082077026,8.89848436303842
7.323697933,6.02256298065186,5.52960586547852,4.73726272583008,9.44931024027636
7.328452621,6.36714744567871,6.08517169952393,4.45858669281006,9.87161975083131
7.333207308,6.92524671554565,6.54685211181641,4.0738673210144,10.3642032783229
7.337961944,7.58617496490479,7.02955627441406,3.95191836357117,11.0716923171498
7.342716631,8.23728656768799,7.54302978515625,4.40375328063965,12.0059664873225
7.347471319,8.72329330444336,8.1425313949585,4.75073051452637,12.8439131114658
7.352226006,9.2538948059082,8.57001399993897,4.76726531982422,13.4835650948688
7.356980641,9.82161903381348,8.64665222167969,4.44968414306641,13.821305439831
7.361735381,10.2474918365479,8.43051624298096,3.76029515266418,13.792190279228
7.366490069,10.4146957397461,8.07033252716065,2.6638240814209,13.4421766536224
7.371244704,10.2110176086426,7.70020484924316,1.11804234981537,12.8377589173616
7.375999391,9.60303783416748,7.34395599365234,-0.348327398300171,12.0943522876407
7.380754079,8.54304313659668,7.25198745727539,-1.33246278762817,11.2849619048823
7.385508766,7.16287183761597,7.70260238647461,-1.83972096443176,10.6780798701455
7.390263454,5.80925416946411,8.54810810089111,-1.90698742866516,10.5097187004716
7.395018089,4.85632705688477,9.42399787902832,-1.96022701263428,10.7813792461087
7.399772777,3.92696189880371,10.1533613204956,-1.82710218429565,11.0385722922419
7.404527464,2.94044899940491,10.4875507354736,-1.24694657325745,10.963112537222
7.409282152,2.00500655174255,10.3014211654663,-0.962950944900513,10.5388141563998
7.414036839,1.11915159225464,9.62408256530762,-1.42162275314331,9.79267464804988
7.418791527,0.493746280670166,8.57283306121826,-2.13397789001465,8.84822658617329
7.423546214,0.33038330078125,7.39681911468506,-2.04709577560425,7.68197157345054
7.42830085,0.712761402130127,6.11652994155884,-1.40545129776001,6.31626952343926
7.433055537,0.959019660949707,4.77992057800293,-1.15384960174561,5.00986310646832
7.437810225,0.399520874023438,3.4952073097229,-1.63425183296204,3.87902953330606
7.442564912,-0.685308456420898,2.35652589797974,-2.41740393638611,3.44480823558384
7.4473196,-1.59515762329102,1.35532093048096,-2.63656067848206,3.36643355482638
7.452074287,-2.27681398391724,0.507293701171875,-2.00383234024048,3.07515412043094
7.456828975,-3.06805086135864,-0.175742626190186,-1.38840961456299,3.3721658939552
7.46158361,-3.67534685134888,-0.657707214355469,-1.46193218231201,4.00973801678051
7.466338298,-3.56703186035156,-0.927714824676514,-2.21114277839661,4.2980836980151
7.471092985,-2.80140781402588,-0.763585567474365,-2.59715938568115,3.89566239989711
7.475847673,-2.10775136947632,-0.0399198532104492,-1.92888879776001,2.85741516485331
7.48060236,-2.09892177581787,1.02324056625366,-0.638491153717041,2.42077773263149
7.485356996,-2.56063556671143,2.14960956573486,0.218491792678833,3.35043496490745
7.490111683,-3.29355573654175,3.09627676010132,0.636136531829834,4.56498727840276
7.494866371,-2.7588210105896,2.48867321014404,1.00072693824768,3.84786201939387
7.499621058,-2.25207471847534,1.81290102005005,0.192193269729614,2.89747974954505
7.504375746,-1.44131517410278,0.73920202255249,-0.225816249847412,1.63548220410366
7.509130433,-0.731990337371826,-0.641830921173096,-0.401765823364258,1.05317261747692
7.513885121,-0.29838228225708,-1.9191198348999,-0.3946692943573,1.98187203900243
7.518639756,0.0274052619934082,-3.13394618034363,-0.218899250030518,3.14170122566409
7.523394444,0.353775978088379,-4.09824323654175,0.0671539306640625,4.11403265895352
7.528149131,0.500391960144043,-4.71502447128296,0.392177581787109,4.75769388824358
7.532903819,0.437718391418457,-5.05264854431152,0.720080614089966,5.12243797359299
7.537658506,0.179154396057129,-5.03884124755859,0.713099479675293,5.09220269467326
7.542413194,-0.314682483673096,-4.76670694351196,0.451611995697022,4.79838238842146
7.547167881,-0.99040412902832,-4.37537097930908,-0.0254251956939697,4.4861361978826
7.551922516,-1.6468448638916,-3.93962049484253,-0.504954814910889,4.2997310397525
7.556677204,-2.05209445953369,-3.59612345695496,-0.441659927368164,4.16392351994527
7.561431891,-2.2966513633728,-3.34709310531616,0.173945665359497,4.0629911192414
7.566186579,-2.53535032272339,-3.22072839736938,0.864418983459473,4.18907064246
7.570941266,-2.77269697189331,-3.26669406890869,1.3496527671814,4.49229353779892
7.575695954,-3.00173044204712,-3.44870758056641,1.64194786548615,4.85797925231707
7.580450589,-2.98888111114502,-3.4749550819397,1.37879192829132,4.78641727177848
7.585205277,-2.93094158172607,-3.73981142044067,1.15611064434052,4.89011245657059
7.589959964,-3.05789422988892,-3.93693161010742,0.747135162353516,5.04067044892601
7.594714652,-2.95465183258057,-4.15216732025147,0.375484228134155,5.10993633157141
7.599469339,-2.7915153503418,-4.30606079101563,0.154420137405396,5.13405912178194
7.604224027,-2.62099552154541,-4.35496139526367,0.0126566886901855,5.08286006791124
7.608978662,-2.44022941589355,-4.37477111816406,0.0051274299621582,5.00932812152016
7.61373335,-2.36340379714966,-4.29807281494141,0.0333321094512939,4.90512165602855
7.618488037,-2.43770313262939,-4.16754055023193,0.00838065147399902,4.82813225129322
7.623242725,-2.64110612869263,-3.98521375656128,-0.0531375408172607,4.78123350891244
7.627997412,-2.82029032707214,-3.78187990188599,-0.0916769504547119,4.71858641803989
7.6327521,-3.14466762542725,-3.59540176391602,-0.231579542160034,4.78220424100934
7.637506787,-3.51139950752258,-3.36336231231689,-0.539492130279541,4.89215538428381
7.642261423,-3.91097569465637,-3.20503187179565,-0.931428194046021,5.14154827499292
7.64701611,-4.17388534545898,-3.11527729034424,-1.24453210830688,5.35491658584693
7.651770798,-4.2453498840332,-3.17254161834717,-1.57185935974121,5.52799763068072
7.656525485,-4.38350677490234,-3.25682497024536,-1.89185380935669,5.77937292172826
7.661280173,-4.35152721405029,-3.45852041244507,-2.04169797897339,5.92162842259319
7.66603486,-4.17791318893433,-3.81769704818726,-2.08815169334412,6.03242462534137
7.670789496,-4.0938892364502,-4.15686988830566,-2.15277409553528,6.21883692140523
7.675544183,-4.15870952606201,-4.37540102005005,-2.34025192260742,6.47423957462818
7.680298871,-4.28357315063477,-4.42301225662231,-2.65453481674194,6.70511681123942
7.685053558,-4.45175743103027,-4.23766708374023,-2.87292790412903,6.78451776323653
7.689808246,-4.53406190872192,-3.97009038925171,-2.89051556587219,6.68389222889637
7.694562933,-4.63077116012573,-3.60117435455322,-2.90156984329224,6.54458599338774
7.699317621,-4.73687076568604,-3.17395210266113,-2.98309707641602,6.43512119296287
7.704072256,-4.92130851745606,-2.7289867401123,-3.12353324890137,6.43607847285027
7.708826944,-5.16198825836182,-2.31633758544922,-3.24185585975647,6.52082602165303
7.713581631,-6.20864534378052,-1.45074939727783,-3.47689843177795,7.26228431854947
7.718336319,-6.6083345413208,-0.859121322631836,-3.47955226898193,7.51767642623647
7.723090954,-5.73297739028931,-1.25302410125732,-2.81480479240418,6.5084733367543
7.727845694,-6.12331438064575,-0.834233283996582,-3.24622130393982,6.98060720356786
7.732600329,-5.74139642715454,-0.851265907287598,-3.19038820266724,6.62320643362197
7.737355016,-5.92268419265747,-0.907134056091309,-3.46733617782593,6.92268014657155
7.742109704,-6.37959671020508,-0.942261695861816,-3.33569741249084,7.2604399671126
7.746864391,-6.19930458068848,-0.975979804992676,-3.00025415420532,6.95596426483956
7.751619079,-5.49905395507813,-0.83421516418457,-2.82058382034302,6.23628113771314
7.756373766,-5.69738149642944,-0.673133850097656,-2.42015886306763,6.22659088253666
7.761128454,-4.70188522338867,-0.78007698059082,-2.42438244819641,5.3473240975923
7.765883089,-3.60686254501343,-0.555760383605957,-2.30924844741821,4.31867519205948
7.770637777,-2.88853240013123,-0.219089508056641,-2.27527523040772,3.68354408325124
7.775392464,-2.30709719657898,-0.0219297409057617,-2.3217990398407,3.27321388995647
7.780147152,-1.86251306533813,-0.0245027542114258,-2.67083096504211,3.2562084311891
7.784901839,-1.78856706619263,-0.0910177230834961,-3.19111919403076,3.65930295093147
7.789656527,-1.91201066970825,-0.112220764160156,-4.2133264541626,4.6282283986784
7.794411162,-1.08411693572998,-0.526443481445313,-4.84204578399658,4.98977551036236
7.79916585,0.712457656860352,-1.21734380722046,-2.58104538917542,2.94131214915735
7.803920537,2.00297236442566,-1.75358581542969,0.727440357208252,2.75973385999889
7.808675225,2.06621813774109,-2.10102558135986,2.0288507938385,3.57768101287942
7.813429912,1.35050868988037,-2.52127647399902,1.39836621284485,3.18373002074758
7.8181846,0.910757541656494,-2.94764757156372,0.854998588562012,3.20142594671073
7.822939287,1.34653186798096,-3.4210729598999,0.977758646011353,3.80432651573133
7.827693923,2.35548114776611,-3.78430414199829,1.08820044994354,4.58840162756971
7.83244861,3.18685698509216,-4.01675796508789,0.593268156051636,5.1616246568801
7.837203298,3.05552363395691,-3.80617618560791,-0.436621904373169,4.90039187422154
7.841957985,1.9486026763916,-3.21753168106079,-1.55542540550232,4.0704926853088
7.846712673,0.528139352798462,-2.63505363464355,-2.373370885849,3.58543277655826
7.85146736,-0.607448101043701,-2.329833984375,-2.77812910079956,3.67629173093209
7.856222048,-1.440838098526,-2.35544633865356,-2.85003614425659,3.9682298199587
7.860976683,-2.05225610733032,-2.51955556869507,-2.89325094223022,4.35095580401974
7.865731371,-2.63133430480957,-2.59680604934692,-3.06073427200317,4.79952249347862
7.870486058,-3.22201561927795,-2.55792760848999,-3.33793759346008,5.29775477716556
7.875240746,-3.72735071182251,-2.41899633407593,-3.76311683654785,5.82286312038214
7.879995433,-4.18921661376953,-2.18645334243774,-4.15493869781494,6.2923469102029
7.884750121,-4.62547874450684,-1.66846752166748,-4.37524461746216,6.581914839116
7.889504756,-5.06513786315918,-0.273979187011719,-3.69990015029907,6.27853066329276
7.894259444,-4.52808523178101,1.01561737060547,-4.22470808029175,6.27560298883153
7.899014131,-3.41611456871033,1.73538970947266,-3.79451894760132,5.39256805557463
7.903768819,-3.28266882896423,2.35422134399414,-2.9282341003418,4.98927126177516
7.908523506,-3.56245183944702,3.27188587188721,-2.6525776386261,5.51656309634665
7.913278194,-3.47320175170898,4.20003318786621,-3.26732754707336,6.35443455290212
7.918032881,-2.5400812625885,4.51545906066895,-3.86537981033325,6.46394186447112
7.922787516,-0.25671648979187,4.3712739944458,-2.21593952178955,4.90757859385646
7.927542204,2.4075767993927,4.51665115356445,0.214204668998718,5.12273826465787
7.932296891,4.05264616012573,5.44113826751709,3.05563068389893,7.44088740821989
7.937051579,3.71702837944031,6.88186454772949,4.83339500427246,9.19445848836062
7.941806266,1.93876886367798,7.97553443908691,4.44580030441284,9.33451201951907
7.946560954,-0.168456077575684,8.01343631744385,3.62820029258728,8.79814619263232
7.951315641,-2.42142248153687,6.97329521179199,3.42981481552124,8.13964143028809
7.956070277,-4.53676700592041,5.09081840515137,3.52847766876221,7.67781489482454
7.960824964,-6.18053865432739,2.88078498840332,2.69507169723511,7.33221601293106
7.965579652,-7.10726881027222,0.962560653686523,1.50862646102905,7.3291027249187
7.970334339,-7.6572117805481,-0.284077644348145,1.0613911151886,7.73564111496806
7.975089027,-8.38306045532227,-0.883662223815918,1.40823411941528,8.54632581045636
7.979843714,-9.55384349822998,-0.882019996643066,0.58668863773346,9.61239244001175
7.984598402,-10.3788213729858,-0.3795166015625,-1.18888401985168,10.4535836513546
7.989353037,-10.7399244308472,0.17238712310791,-2.64540481567383,11.0622719519686
7.994107725,-11.1585636138916,0.458641052246094,-4.21257781982422,11.9360674188841
7.998862412,-11.55641746521,0.271631240844727,-5.5385046005249,12.8179406056998
8.0036171,-11.3898687362671,-0.278597831726074,-5.55121231079102,12.6737005132958
8.008371787,-10.2131385803223,-0.721385002136231,-4.04982423782349,11.0104347025645
8.013126475,-8.52287864685059,-0.624691009521484,-3.02287745475769,9.06462836484767
8.017881162,-7.00255918502808,-0.0801296234130859,-3.70806574821472,7.92414080449437
8.022635798,-5.70975112915039,0.481562614440918,-5.30119609832764,7.80614120941874
8.027390485,-4.29552268981934,1.02198886871338,-6.62763547897339,7.96376346137136
8.032145173,-2.64953589439392,1.48832321166992,-6.74400234222412,7.39707469409372
8.03689986,-1.12702441215515,1.82540416717529,-6.19066381454468,6.55183965492498
8.041654548,0.0528188943862915,1.93288230895996,-5.57003211975098,5.89610733204138
8.046409235,0.768222510814667,1.83253860473633,-5.0193886756897,5.39839107898023
8.051163923,0.794806361198425,1.41230964660645,-4.53539037704468,4.81623312993553
8.055918558,0.12189918756485,0.818330764770508,-3.83507633209229,3.92330665707809
8.060673246,-0.964391112327576,0.375802040100098,-2.40133333206177,2.61489563129213
8.065427933,-2.32908940315247,0.359408378601074,-1.01964569091797,2.56778292803215
8.070182621,-3.71413564682007,0.754347801208496,-0.473091959953308,3.81937955834977
8.074937308,-4.69048357009888,1.23989772796631,-0.271284282207489,4.85917458617782
8.079691996,-4.96092033386231,1.51241111755371,-0.192393124103546,5.18990684517852
8.084446683,-4.60500574111939,1.43825435638428,-0.258248507976532,4.83128820929501
8.089201319,-3.87819671630859,1.18029880523682,-0.597627937793732,4.09764251638205
8.093956006,-2.91882681846619,0.879720687866211,-1.12414145469666,3.24917720277377
8.098710694,-1.80357205867767,0.615400314331055,-1.73011159896851,2.57388342055481
8.103465381,-0.566347420215607,0.463722229003906,-2.04290890693665,2.1700839864158
8.108220069,0.501095533370972,0.46039867401123,-2.07456827163696,2.18332251082574
8.112974756,1.20550179481506,0.552693367004395,-2.30060863494873,2.65546693190363
8.117729444,1.59279561042786,0.718965530395508,-2.35997486114502,2.93656102196627
8.122484079,1.86670410633087,0.775089263916016,-2.02363395690918,2.8601471953706
8.127238766,1.88220310211182,0.668643951416016,-1.69805717468262,2.62167340068432
8.131993454,1.58979678153992,0.543191909790039,-1.11329591274261,2.01542527690447
8.136748141,1.09508514404297,0.446537971496582,-0.288830637931824,1.21738686131402
8.141502829,0.51744145154953,0.354818344116211,0.331153213977814,0.70943933090215
8.146257516,0.0718388631939888,0.284823417663574,0.599327623844147,0.66744198415835
8.151012204,-0.103098496794701,0.224564552307129,0.838604629039764,0.87425182987578
8.155766839,-0.119426816701889,0.20273494720459,1.09702026844025,1.12197045091852
8.160521527,-0.146528124809265,0.293376922607422,1.21687030792236,1.26028324450569
8.165276214,-0.0863007754087448,0.417492866516113,1.29143893718719,1.35998626680977
8.170030902,0.211464315652847,0.438817977905273,1.13897788524628,1.23876914621227
8.174785589,0.720102787017822,0.340742111206055,0.953197777271271,1.24227179506535
8.179540277,1.3722892999649,0.0995264053344727,0.753298878669739,1.5686116883289
8.184294964,1.96977853775024,-0.12451171875,0.489287674427032,2.03345348710852
8.1890496,2.37444925308228,-0.240592002868652,0.223230361938477,2.39702431397733
8.193804287,2.73700213432312,-0.275147438049316,0.229788661003113,2.76037852923834
8.198558975,3.04794955253601,-0.326237678527832,0.224278569221497,3.07355305376493
8.203313662,3.24994707107544,-0.310153007507324,0.0971040725708008,3.26615677115589
8.20806835,3.39104819297791,-0.334492683410645,-0.0823116302490234,3.40849943623704
8.212823037,3.39981865882874,-0.306018829345703,-0.0536288022994995,3.41398454672399
8.217577725,3.32673168182373,-0.27016544342041,0.120843887329102,3.33987070030759
8.22233236,3.16220307350159,-0.269914627075195,0.199748516082764,3.17998139202878
8.227087048,2.9468240737915,-0.274149894714355,0.128177642822266,2.96232337781825
8.231841735,2.74477243423462,-0.27574348449707,0.216680645942688,2.76708523311136
8.236596423,2.64413976669312,-0.351123809814453,0.252666831016541,2.67929161591688
8.24135111,2.58467149734497,-0.445165634155273,0.083784818649292,2.62406537396774
8.246105798,2.53047227859497,-0.548283576965332,-0.0221203565597534,2.58928448488803
8.250860485,2.38843417167664,-0.598349571228027,-0.0676904916763306,2.46317315763322
8.255615121,2.13983964920044,-0.530893325805664,0.0209674835205078,2.2048131628418
8.260369808,1.81373167037964,-0.393801689147949,0.169724225997925,1.86373513552878
8.265124496,1.53671503067017,-0.330530166625977,0.247069358825684,1.5911588684377
8.269879183,1.41819870471954,-0.453352928161621,0.410614609718323,1.5444807545758
8.274633871,1.51752090454102,-0.654524803161621,0.55744218826294,1.74413709522162
8.279388558,1.78401625156403,-0.94343376159668,0.58052396774292,2.09994983880306
8.284143246,2.09310555458069,-1.17176342010498,0.434933543205261,2.43788587967479
8.288897881,2.34451723098755,-1.40166568756104,0.242918014526367,2.74234150095587
8.293652881,2.18784856796265,-1.48248481750488,0.109707236289978,2.64508568257497
8.298407256,1.52905321121216,-1.22080898284912,0.347716331481934,1.98728079105661
8.303161944,0.572418391704559,-0.58597469329834,1.07076668739319,1.34817300639744
8.307916631,-0.466840147972107,0.204081535339355,1.49427139759064,1.57874507330429
8.312671319,-1.14540028572083,0.785748481750488,1.62539839744568,2.13805108487181
8.317426006,-1.14735317230225,0.998917579650879,1.6935441493988,2.27647697526035
8.322180694,-0.641286969184876,0.89183235168457,1.56054019927979,1.90837617725797
8.326935329,-0.00713622570037842,0.754155158996582,1.21489822864532,1.42995756423887
8.331690016,0.507114768028259,0.750911712646484,0.960381627082825,1.32036610747939
8.336444704,0.780056655406952,0.881962776184082,0.799135208129883,1.42301222942454
8.341199391,0.880818128585815,1.04433822631836,0.728747844696045,1.54840444579067
8.345954027,0.885500848293304,1.10656070709229,0.718442916870117,1.58894574344424
8.350708766,0.8084796667099,1.01148509979248,0.780532360076904,1.51194320121914
8.355463454,0.738607048988342,0.90748405456543,1.00314021110535,1.54121963562701
8.360218089,0.671656966209412,0.811276435852051,1.35681235790253,1.71762403050943
8.364972777,0.570130467414856,0.792182922363281,1.51824951171875,1.80490556877443
8.369727464,0.661455512046814,0.845370292663574,1.59976828098297,1.92650794936705
8.374482152,0.985871434211731,0.958823204040527,1.62070405483246,2.12555076503753
8.379236839,1.53331589698792,1.07751750946045,1.51438462734222,2.40945272264889
8.383991527,2.2510232925415,1.10354423522949,1.39580392837524,2.86935260104791
8.388746214,3.11269235610962,0.960640907287598,1.3821485042572,3.53864651305524
8.39350085,3.92257142066956,0.876162528991699,1.34192752838135,4.23733369218078
8.398255537,4.56618690490723,0.778512954711914,1.18470931053162,4.78117991939864
8.403010225,5.22992897033691,0.658256530761719,1.3436017036438,5.43973567676724
8.407764912,5.81358528137207,0.587265014648438,1.45045590400696,6.02050465913653
8.4125196,6.1884937286377,0.565675735473633,1.65852510929108,6.43180761568944
8.417274287,6.47229099273682,0.543413162231445,2.16848254203796,6.84749334389395
8.422028975,6.60544395446777,0.566015243530273,2.48779106140137,7.08105694488556
8.426783662,6.60011768341064,0.619213104248047,2.33721017837524,7.02904899123937
8.431538298,6.57360172271729,0.707795143127441,2.31689786911011,7.0057996909299
8.436292985,6.4950532913208,0.879528999328613,2.36643481254578,6.96845049058869
8.441047673,6.317214012146,1.1871166229248,2.20844483375549,6.79659233258987
8.44580236,6.02596282958984,1.65427875518799,2.17715716362,6.61731664185466
8.450557048,5.62828969955444,2.17323780059814,2.16943907737732,6.41147981284439
8.455311735,5.24573421478272,2.64832782745361,2.10648632049561,6.24248767337528
8.460066423,5.0355863571167,3.038818359375,2.119380235672,6.25166534329946
8.464821058,4.94728422164917,3.31608295440674,2.21250653266907,6.35351969284656
8.469575746,4.88268375396729,3.45632266998291,2.41164255142212,6.4500222353201
8.474330433,4.80144500732422,3.5744800567627,2.63970327377319,6.54208034253034
8.479085121,4.71323251724243,3.65161228179932,3.13084721565247,6.73431787978098
8.483839808,4.65155506134033,3.76429462432861,3.71961808204651,7.04573893808999
8.488594496,4.64492797851563,3.9555721282959,3.78941631317139,7.18203193965872
8.493349183,4.84348201751709,4.27068424224854,3.54393076896668,7.36596953877968
8.498103819,5.31360769271851,4.65196132659912,3.81469416618347,8.02664702586362
8.502858506,5.71791410446167,5.12795448303223,4.18983745574951,8.74901118936612
8.507613194,6.00345420837402,5.57905960083008,4.23713445663452,9.22608675795202
8.512367881,6.37297439575195,5.91935634613037,4.72245359420776,9.89722941791437
8.517122569,6.77586460113525,6.03934192657471,5.31660747528076,10.5191400335394
8.521877256,7.08315086364746,5.93266677856445,5.30854415893555,10.6558998845729
8.526631944,7.63207006454468,5.8535041809082,4.68574571609497,10.6989820815782
8.531386631,8.68521499633789,5.96458959579468,4.01089286804199,11.2737105771696
8.536141266,9.95303058624268,6.36833906173706,3.46944260597229,12.3148525063057
8.540895954,10.9720964431763,6.85611343383789,2.59311437606812,13.1953565296048
8.545650641,11.565544128418,7.31762838363648,1.31501710414886,13.7491369231523
8.550405329,11.6919507980347,7.8153190612793,-0.25872802734375,14.0658403831905
8.555160016,11.4626235961914,8.48311710357666,-1.53673243522644,14.342822667747
8.559914704,11.0487251281738,9.24851799011231,-2.57823181152344,14.637509735106
8.564669339,10.4853830337524,9.79489326477051,-3.8049328327179,14.8445513672271
8.569424027,9.86780261993408,10.1785182952881,-4.75261163711548,14.9520259699727
8.574178714,9.18939685821533,10.1981782913208,-5.27336311340332,14.7056524372483
8.578933402,8.37947082519531,9.95512199401856,-4.76596736907959,13.8576487972968
8.583688089,7.15453386306763,9.61289310455322,-3.67091250419617,12.5327836991952
8.588442777,5.36708545684814,9.1143970489502,-2.85623979568481,10.9560917136302
8.593197464,3.32985067367554,8.58321762084961,-2.87576937675476,9.64518427735422
8.597952152,1.57879447937012,8.04405498504639,-3.41461205482483,8.88025833495255
8.602706839,0.269418239593506,7.73614883422852,-3.7027702331543,8.58085615615915
8.607461475,-0.487553119659424,7.44676494598389,-3.77302932739258,8.36228237448297
8.612216162,-0.94434404373169,7.10943031311035,-3.29733991622925,7.89355658578961
8.61697085,-1.34073066711426,6.59342384338379,-2.75315976142883,7.26984768562543
8.621725537,-2.00683498382568,5.56824064254761,-3.15620636940002,6.70778123911826
8.626480225,-2.88540601730347,4.27124452590942,-3.45170664787293,6.2034971159639
8.631234912,-3.62723112106323,2.8595871925354,-3.00563049316406,5.51070405472475
8.6359896,-4.13753175735474,1.36464023590088,-2.60116147994995,5.07419481901651
8.640744287,-4.07683992385864,0.0116238594055176,-2.22899723052979,4.64641663355587
8.645498923,-3.3467059135437,-0.852795124053955,-1.76227784156799,3.87728296442755
8.65025361,-2.67293977737427,-1.02413034439087,-1.23863697052002,3.11892153804977
8.655008298,-2.65254974365234,-0.455284118652344,-0.347556114196777,2.71368734819668
8.659762985,-3.3871922492981,0.795547962188721,0.598087549209595,3.53039326568121
8.664517673,-4.30253314971924,2.053879737854,1.31386971473694,4.9453480271163
8.66927236,-4.85497236251831,2.90150499343872,1.76409542560577,5.92465362180859
8.674027048,-4.58994579315186,3.17507934570313,1.58252573013306,5.80113083132213
8.678781735,-3.72402620315552,2.64875793457031,1.13324999809265,4.70834847010234
8.683536371,-2.7874550819397,1.55067729949951,0.407384634017944,3.21565983291897
8.688291058,-1.85285472869873,0.246354579925537,-0.0603489875793457,1.87013454730225
8.693045746,-1.03731679916382,-1.02957248687744,-0.416970729827881,1.51983888524266
8.697800433,-0.459660053253174,-2.15497398376465,-0.666731595993042,2.30211451851436
8.702555121,-0.049680233001709,-3.04649138450623,-0.719036102294922,3.13058952879889
8.707309808,0.181734085083008,-3.63315415382385,-0.632543563842773,3.69228218630258
8.712064496,0.207230091094971,-3.84008193016052,-0.472449541091919,3.87458153997029
8.716819131,0.0831413269042969,-3.7484712600708,-0.1330246925354,3.75175223550814
8.721573819,-0.194441795349121,-3.44250774383545,0.380984306335449,3.46897913222601
8.726328506,-0.620057106018066,-3.1378002166748,0.668328285217285,3.26755622924984
8.731083194,-1.10771036148071,-2.91614580154419,0.668404817581177,3.19024976780209
8.735837881,-1.70091819763184,-2.79241633415222,0.266164302825928,3.28048093034757
8.740592569,-2.21399593353272,-2.79355216026306,-0.0128405094146729,3.56453033995951
8.745347256,-2.40133237838745,-3.01758289337158,0.334895849227905,3.87096356734222
8.750101891,-2.64297437667847,-3.20331859588623,0.861032485961914,4.24121922616731
8.754856579,-2.49395036697388,-3.43848252296448,1.36429131031036,4.461416957991
8.759611266,-2.57318353652954,-3.58367538452148,1.5671854019165,4.68188774515922
8.764365954,-2.50761842727661,-3.71738839149475,1.37935101985931,4.69145349183215
8.769120641,-2.2927770614624,-3.85360717773438,1.24815845489502,4.65456920266312
8.773875329,-2.08863878250122,-4.00625276565552,1.15377688407898,4.66301128931999
8.778630016,-2.0479416847229,-4.16295099258423,1.00255966186523,4.7465094528804
8.783384704,-2.15609359741211,-4.3351354598999,0.806626081466675,4.90844014853857
8.788139391,-2.34142303466797,-4.51275444030762,0.724241256713867,5.13534223433223
8.792894027,-2.55860757827759,-4.63083267211914,0.693540334701538,5.3359237412695
8.797648714,-2.74792575836182,-4.75359725952148,0.750318288803101,5.54172900940771
8.802403402,-2.89020252227783,-4.78981876373291,0.846567630767822,5.65794230817643
8.807158089,-3.04977416992188,-4.7798376083374,0.871939659118652,5.73657117263817
8.811912777,-3.281569480896,-4.70664691925049,0.795312643051148,5.79255951032315
8.816667464,-3.47079944610596,-4.64158153533936,0.645664691925049,5.83160448236087
8.821422152,-3.57675170898438,-4.61287879943848,0.437396287918091,5.85347069000231
8.826176787,-3.67090535163879,-4.56268310546875,0.285159111022949,5.86301449258141
8.830931475,-3.79104423522949,-4.49292707443237,0.148093700408936,5.88050523626457
8.835686162,-4.01815748214722,-4.33630228042603,-0.109902620315552,5.91279845796522
8.84044085,-4.32358360290527,-4.16906785964966,-0.53850531578064,6.03029766800936
8.845195537,-4.52590703964233,-4.01961994171143,-0.921957731246948,6.12300457826827
8.849950225,-4.56795120239258,-3.96883153915405,-1.19785714149475,6.16868411454612
8.854704912,-4.61450958251953,-3.91342115402222,-1.48087501525879,6.22908938984912
8.8594596,-4.73464870452881,-3.96775388717651,-1.82110905647278,6.44021796681353
8.864214183,-4.96159362792969,-4.00477313995361,-2.09902691841126,6.71278878227384
8.868968923,-5.16144752502441,-4.1317777633667,-2.16641664505005,6.95740534390387
8.87372361,-5.66623687744141,-3.75570487976074,-2.25267124176025,7.16143052878329
8.878478298,-5.07130861282349,-4.08861923217773,-2.10692620277405,6.84646743190729
8.883232985,-4.57880973815918,-4.48872900009155,-1.99721825122833,6.71588172897378
8.887987673,-4.70064687728882,-4.24572896957398,-2.10241103172302,6.67401136456595
8.89274236,-4.76233577728272,-3.7234377861023,-2.18493390083313,6.42788979009217
8.897497048,-4.71864557266235,-3.28288078308105,-2.57427930831909,6.29839949777471
8.902251683,-4.93233776092529,-2.94775104522705,-3.12957334518433,6.54304373631836
8.907006371,-5.16394281387329,-2.5410361289978,-3.7890636920929,6.89058587179366
8.911761058,-5.45074844360352,-1.88352584838867,-4.20897674560547,7.13959476875558
8.916515746,-5.48858165740967,-1.59439945220947,-4.17259454727173,7.07652340342216
8.921270433,-4.6693286895752,-1.44379234313965,-3.81912565231323,6.2026516498636
8.926025121,-4.72341203689575,-1.5966272354126,-3.1105649471283,5.87668733977368
8.930779808,-5.31588220596314,-1.24757480621338,-2.75822567939758,6.11742228583757
8.935534496,-5.8867244720459,-0.825363159179688,-2.56436729431152,6.47384962556667
8.940289183,-6.16624355316162,-0.454692840576172,-2.60642862319946,6.70990128869359
8.945043871,-6.02605247497559,-0.229063034057617,-2.52974915504456,6.53952667187616
8.949798506,-5.40260887145996,-0.146212577819824,-2.26485300064087,5.8599590314611
8.954553194,-4.45177507400513,-0.163330078125,-1.87327599525452,4.83261223132484
8.959307829,-3.3216381072998,-0.254528045654297,-1.45661056041718,3.63590134170465
8.964062569,-2.38908910751343,-0.257952690124512,-1.2189781665802,2.69447474001539
8.968817256,-1.88223111629486,-0.148309707641602,-1.29081296920776,2.2871352968297
8.973571944,-1.89511168003082,0.0136079788208008,-1.53592908382416,2.43940804446771
8.978326579,-2.45738816261292,0.222149848937988,-1.8074414730072,3.05858657151955
8.983081266,-2.7262978553772,0.0749492645263672,-2.60859823226929,3.77400346129754
8.987835954,-1.64912009239197,-0.75369930267334,-1.71265816688538,2.49416473284752
8.992590641,-0.219349384307861,-1.89911794662476,1.93216073513031,2.71808907763667
8.997345329,0.0483973026275635,-2.83950710296631,4.41038370132446,5.245629350193
9.002100016,-0.885056495666504,-3.60532140731812,4.08381700515747,5.5189880215671
9.006854704,-1.47970914840698,-4.24999380111694,3.40878486633301,5.64551155683457
9.011609391,-0.63261890411377,-4.79071760177612,3.68895387649536,6.07943768129256
9.016364079,1.28619122505188,-4.95596933364868,3.70387244224548,6.31938216694418
9.021118766,3.21543073654175,-4.7522120475769,2.57879710197449,6.29068427595794
9.025873402,4.22285413742065,-4.23119211196899,0.665114283561707,6.0148034684865
9.030628089,4.05100059509277,-3.51317834854126,-1.21858143806458,5.49890613225
9.035382777,3.2581090927124,-2.88210153579712,-2.35313200950623,4.94560556219581
9.040137464,2.34983444213867,-2.64714479446411,-2.8335177898407,4.53408431038323
9.044892152,1.51078510284424,-2.79457998275757,-3.12321758270264,4.45495645050637
9.049646839,0.541279554367065,-3.13660097122192,-3.29966020584106,4.5846490250244
9.054401527,-0.722042560577393,-3.36390972137451,-3.25075459480286,4.73335393864382
9.059156214,-2.21071195602417,-3.44237375259399,-3.20796060562134,5.19886484266274
9.06391085,-3.71095156669617,-3.31863689422607,-3.37354040145874,6.01375815994937
9.068665537,-5.05011129379273,-2.97993135452271,-3.81826138496399,6.99733770524672
9.073420225,-6.10166168212891,-1.89240598678589,-3.49001383781433,7.27953791734879
9.078174912,-6.93382358551025,0.0878734588623047,-3.37376832962036,7.71154614858136
9.0829296,-6.74194526672363,1.33370780944824,-2.56200170516968,7.33460668596297
9.087684287,-7.38647270202637,2.23557472229004,-1.3997038602829,7.84327381985442
9.092438975,-8.97063541412354,3.77421379089355,-1.40781402587891,9.83356139981644
9.09719361,-9.26686954498291,5.61628150939941,-0.307616323232651,10.8403005935662
9.101948298,-9.21544647216797,7.49729061126709,2.02298784255981,12.0509875115001
9.106702985,-9.02959537506104,9.11860752105713,3.85873794555664,13.4004647043631
9.111457673,-6.95277452468872,9.94749259948731,2.3493390083313,12.3617586282892
9.11621236,-0.279647827148438,10.0724964141846,1.00745272636414,10.1266158175794
9.120967048,8.17168426513672,10.2531576156616,-1.79783713817596,13.2338914607944
9.125721735,14.1883106231689,10.9107418060303,-4.84916639328003,18.5436474245792
9.130476423,16.8052539825439,10.6508026123047,-4.73517513275147,20.4518468907312
9.13523111,13.177056312561,10.0700540542603,-6.66927433013916,17.8751229872911
9.139985746,6.12835311889648,8.3577823638916,-12.8932952880859,16.5422580495483
9.144740433,-1.28693211078644,6.01421070098877,-12.3703651428223,13.8149505384715
9.149495121,-9.01834774017334,3.91753482818604,-5.40424156188965,11.2197817247929
9.154249808,-16.8542442321777,1.86539745330811,0.146495342254639,16.9577922260537
9.159004496,-22.8298511505127,-0.78447151184082,3.64291572570801,23.1319764415423
9.163759183,-25.2329177856445,-4.50767135620117,6.50218105316162,26.4442356569576
9.168513871,-23.730770111084,-8.49035263061523,7.64942979812622,26.339121361461
9.173268558,-19.3011722564697,-10.6327209472656,5.80621194839478,22.7882009471134
9.178023194,-12.8291282653809,-10.1905975341797,3.02914452552795,16.6616483791298
9.182777881,-7.17409229278564,-7.47462749481201,-0.340719848871231,10.3659898913235
9.187532569,-4.13190412521362,-3.30106353759766,-4.45632934570313,6.9158169016096
9.192287256,-2.96307754516602,1.26953315734863,-7.43026924133301,8.09941010043164
9.197041944,-2.7521984577179,5.49855136871338,-9.58582305908203,11.3884444602884
9.201796631,-2.5524218082428,8.41161346435547,-12.3178930282593,15.132765339374
9.206551319,-1.46558284759521,8.69564819335938,-13.759241104126,16.3425501788218
9.211306006,0.0541738271713257,6.29797840118408,-10.4233064651489,12.1783736357425
9.216060694,0.264090955257416,2.7578239440918,-5.2280421257019,5.91673570538422
9.220815329,-1.22953021526337,-0.173913955688477,-1.72177302837372,2.12285020090067
9.225570016,-3.18524622917175,-1.86627817153931,-0.938565611839294,3.80915911478429
9.230324704,-3.96467256546021,-2.52333974838257,-1.55484080314636,4.9500911062534
9.235079391,-2.82442927360535,-2.33519887924194,-1.52017498016357,3.96755422111998
9.239834079,-1.26039135456085,-1.31511402130127,-0.637134194374085,1.92978010076683
9.244588766,-0.683523416519165,0.227487564086914,-0.625897645950317,0.954307453575827
9.249343454,-1.13895404338837,1.87124538421631,-1.62215256690979,2.72583098361464
9.254098141,-2.05292177200317,3.05660629272461,-2.47071599960327,4.43415915156233
9.258852829,-2.89332222938538,3.43741893768311,-2.1702733039856,4.98971428943487
9.263607464,-3.53159499168396,2.90714454650879,-1.27884876728058,4.74964280437572
9.268362152,-4.10873699188232,1.81595611572266,-0.593726515769959,4.53121699526971
9.273116839,-4.58407402038574,0.652121543884277,-0.0826566219329834,4.63096418141221
9.277871527,-4.74495410919189,-0.2568359375,0.250423908233643,4.75849412429432
9.282626214,-4.57505893707275,-0.703288078308106,0.291517496109009,4.63796947481516
9.287380902,-4.00055027008057,-0.740375518798828,0.153497457504272,4.07137812561528
9.292135589,-3.16992473602295,-0.370999336242676,-0.163306355476379,3.1957365825865
9.296890277,-2.13579559326172,0.0864734649658203,-0.556124687194824,2.20870440395425
9.301644912,-1.29010355472565,0.533891677856445,-1.15903639793396,1.81459992211392
9.3063996,-0.618432939052582,0.791937828063965,-1.62597894668579,1.91139539569638
9.311154287,-0.0468753352761269,0.669605255126953,-1.70422613620758,1.83165368399266
9.315908975,0.422518521547318,0.418278694152832,-1.46344482898712,1.57960429681673
9.320663662,0.647090554237366,0.0883998870849609,-1.32146561145782,1.47404616199272
9.32541835,0.673168659210205,-0.164599418640137,-1.12749695777893,1.32344187713714
9.330173037,0.615958034992218,-0.283488273620605,-0.728779196739197,0.995434086090935
9.334927725,0.513914525508881,-0.282713890075684,-0.316397428512573,0.666440256842361
9.339682412,0.489037066698074,-0.126535415649414,0.188767910003662,0.539260408212375
9.3444371,0.588986814022064,0.0510883331298828,0.583763837814331,0.830840359644119
9.349191735,0.830342411994934,0.147388458251953,0.708674490451813,1.1015495504972
9.353946423,1.16034412384033,0.13615608215332,0.640127778053284,1.33217886812303
9.35870111,1.43084919452667,0.0795993804931641,0.870278537273407,1.67661868392645
9.363455798,1.51324272155762,0.0208644866943359,1.09089112281799,1.86557827576203
9.368210485,1.57494628429413,-0.0471382141113281,0.986948728561401,1.8592325304949
9.372965173,1.86208701133728,-0.129215240478516,0.799927651882172,2.03075081297747
9.37771986,2.20246744155884,-0.146533966064453,0.64196515083313,2.29879409456817
9.382474496,2.50540447235107,-0.111162185668945,0.505580186843872,2.55832365562463
9.387229183,2.64425230026245,-0.00639057159423828,0.319296717643738,2.66346793874952
9.391983871,2.64058351516724,0.0243434906005859,0.0951954126358032,2.64241103401694
9.396738558,2.57100129127502,0.0504293441772461,0.122419834136963,2.57440816000146
9.401493246,2.4787654876709,-0.00698184967041016,0.405370712280273,2.5117031081455
9.406247933,2.30193042755127,-0.0617265701293945,0.554317831993103,2.3685358603179
9.411002621,2.1052930355072,-0.108988761901855,0.607754468917847,2.1939696465689
9.415757308,2.05851364135742,-0.105767250061035,0.857253670692444,2.23238638652804
9.420511996,2.0822446346283,-0.0903682708740234,0.910610437393189,2.27444949636357
9.425266683,2.20986104011536,-0.0866641998291016,0.851821422576904,2.36993591392524
9.430021527,2.3410472869873,-0.149600982666016,0.912712097167969,2.51712658129106
9.434776006,2.31592130661011,-0.195393562316895,1.03356647491455,2.54360566925631
9.439530694,2.12506103515625,-0.130790710449219,0.956529021263123,2.33408191407194
9.444285381,1.86137413978577,0.0273532867431641,0.746446847915649,2.00565320714277
9.449040069,1.65590381622314,0.18087100982666,0.639732837677002,1.78437380455452
9.453794756,1.45837533473969,0.32731819152832,0.609671592712402,1.61421661075673
9.458549444,1.19014644622803,0.485882759094238,0.520111680030823,1.38673962183199
9.463304131,0.844362258911133,0.618342399597168,0.481028079986572,1.15181724294641
9.468058819,0.456758081912994,0.68645191192627,0.561460971832275,0.997538267772676
9.472813454,0.144178926944733,0.678315162658691,0.718173027038574,0.998334372659466
9.477568141,-0.0267570018768311,0.565349578857422,0.798176527023315,0.978479356836261
9.482322829,-0.0181344747543335,0.457622528076172,0.780154824256897,0.904648432922288
9.487077516,0.0719993114471436,0.371828079223633,0.86237633228302,0.941877359229912
9.491832204,0.196012377738953,0.329483985900879,0.887032270431519,0.966336793244934
9.496586891,0.33257931470871,0.347312927246094,0.856653094291687,0.982389838080529
9.501341579,0.581993043422699,0.432428359985352,0.802444458007813,1.08149308703269
9.506096266,0.946350038051605,0.544082641601563,0.592857718467712,1.2422095595185
9.510850954,1.31789135932922,0.660670280456543,0.45247232913971,1.54209405131797
9.515605589,1.69679570198059,0.739242553710938,0.558186054229736,1.93317533571413
9.520360277,1.86092734336853,0.705832481384277,0.632667183876038,2.08842472563111
9.525114964,1.89667987823486,0.675347328186035,0.542280197143555,2.085079467647
9.529869652,1.99790596961975,0.707523345947266,0.628809094429016,2.21079588061388
9.534624339,2.25766611099243,0.747319221496582,0.801178455352783,2.50946791269851
9.539379027,2.44396543502808,0.878396034240723,0.739157676696777,2.70016679329288
9.544133714,2.42095041275024,1.11741733551025,0.634162783622742,2.74076355033165
9.548888402,2.37071323394775,1.40447235107422,0.954256176948547,2.91606390084158
9.553643089,2.43921780586243,1.5196418762207,1.41667401790619,3.20406932031914
9.558397777,2.65265369415283,1.4321928024292,1.73476982116699,3.47809921895055
9.563152412,2.92509913444519,1.20236110687256,1.86628091335297,3.67217668763329
9.5679071,3.28538775444031,1.15059947967529,2.20087552070618,4.11843476545387
9.572661787,4.06112241744995,0.95635986328125,2.48416805267334,4.85576259629038
9.577416475,5.18285179138184,0.68450927734375,2.81912899017334,5.93952808777224
9.582171162,6.20143127441406,0.600820541381836,2.97002220153809,6.90215669568986
9.58692585,7.06453609466553,0.485434532165527,3.35323476791382,7.83501757028004
9.591680537,7.57628917694092,0.283570289611816,3.81820821762085,8.48877398655954
9.596435225,7.6795392036438,0.160460472106934,3.53633522987366,8.45616560868201
9.60118986,7.7471342086792,0.204502105712891,3.36669397354126,8.44952885491301
9.6059446,7.72181367874146,0.377367973327637,2.64003825187683,8.16937054171648
9.610699235,7.65193748474121,0.652822494506836,3.16110849380493,8.30487395384948
9.615453923,7.18685340881348,1.00697040557861,3.3219997882843,7.98126142353738
9.62020861,6.48898792266846,1.30576419830322,3.56963181495667,7.52025635842678
9.624963298,5.7445387840271,1.45834445953369,3.44471406936646,6.8551111897281
9.629717985,5.23050451278687,1.55567741394043,3.32982516288757,6.39265557416692
9.634472673,5.0852518081665,1.72215747833252,3.33701276779175,6.32149243019736
9.63922736,5.03412199020386,2.04386806488037,3.49899959564209,6.46241278851757
9.643982048,4.92665195465088,2.53258895874023,3.65015244483948,6.63396707760642
9.648736735,4.85104560852051,3.04222774505615,3.77805423736572,6.86013753282051
9.653491371,4.9261646270752,3.49145793914795,3.9401707649231,7.20987670703465
9.658246058,5.14669370651245,3.8994779586792,4.18192768096924,7.69304254425624
9.663000746,5.42650842666626,4.40275478363037,4.68260669708252,8.41178036262372
9.667755433,5.47227478027344,4.98238563537598,5.19791603088379,9.0436877961668
9.672510121,5.12441968917847,5.72696018218994,5.33592462539673,9.35573843622962
9.677264808,4.84393882751465,6.63387775421143,5.54906940460205,9.91283252555069
9.682019496,4.93107032775879,7.59524250030518,6.463454246521,11.1256192642304
9.686774183,5.41115427017212,8.41727256774902,7.46159505844116,12.4822461452871
9.691528871,6.21380758285523,9.07608890533447,7.7573823928833,13.4597093610412
9.696283506,7.52964591979981,9.4523458480835,7.61440515518189,14.2836121333716
9.701038194,9.34644412994385,9.46988964080811,7.41715717315674,15.2331562131607
9.705792881,11.0864810943604,9.32796287536621,6.78734302520752,15.9996556150954
9.710547569,12.2318382263184,9.2260856628418,5.41609382629395,16.2503106243585
9.715302256,12.6032571792603,9.33699989318848,3.47170257568359,16.0646935017754
9.720056944,12.5702791213989,9.65083312988281,1.71219170093536,15.9399528767018
9.724811631,12.4731292724609,10.0182590484619,0.169075727462769,15.9991579406926
9.729566319,11.9119834899902,10.5981149673462,-1.50830364227295,16.0153167750183
9.734321006,10.9417476654053,11.2856607437134,-3.28431272506714,16.0584772152167
9.739075694,9.72499656677246,11.5677938461304,-4.21027660369873,15.6880796074587
9.743830329,8.27416229248047,11.4107799530029,-4.01157569885254,14.6547057413577
9.748585016,6.84793901443481,11.2908401489258,-2.7801558971405,13.4946880966704
9.753339704,5.0688099861145,11.1341524124146,-1.88079237937927,12.377381168589
9.758094391,2.76343202590942,10.9471321105957,-1.6911289691925,11.4164869902742
9.762849079,0.676962375640869,10.4579877853394,-2.30740284919739,10.7308850746257
9.767603766,-0.642476558685303,9.65347290039063,-3.06476521492004,10.1486502053042
9.772358454,-0.867539405822754,8.56913566589356,-3.68324208259583,9.36744270973402
9.777113141,-0.314052581787109,7.22702646255493,-3.8431134223938,8.19134062849176
9.781867829,0.491474151611328,5.77842330932617,-3.52184295654297,6.78491713980484
9.786622516,0.519405364990234,4.55579328536987,-3.05199646949768,5.50815003808249
9.791377152,-0.42629861831665,3.59664726257324,-3.65038251876831,5.14226551013107
9.796131839,-1.84591817855835,2.74672842025757,-4.23511457443237,5.37476756661647
9.800886527,-3.57743215560913,1.905601978302,-4.04614210128784,5.72718129899069
9.805641214,-4.97815847396851,0.809482574462891,-4.37814140319824,6.67873086571859
9.810395902,-5.22088146209717,-0.303201198577881,-5.09063816070557,7.29822794185826
9.815150589,-4.22372007369995,-1.00310373306274,-3.67283129692078,5.6864503950972
9.819905277,-1.97796773910522,-1.66754007339478,-2.13591551780701,3.35487427074805
9.824659964,-0.976377010345459,-1.01433038711548,-0.601599454879761,1.53104542867565
9.829414652,-1.7856969833374,0.564770221710205,-0.183634281158447,1.88186095895724
9.834169339,-3.21972036361694,2.48056840896606,0.169086933135986,4.06797360394674
9.838923975,-3.08475685119629,2.98797512054443,-0.0271251201629639,4.29470091207046
9.843678662,-2.20169448852539,2.38716745376587,-0.892820358276367,3.36796010446603
9.84843335,-1.03896379470825,1.2031078338623,-1.32271718978882,2.06796880798001
9.853188037,-0.0508618354797363,-0.207108497619629,-1.34239268302917,1.35922734358344
9.857942725,0.605974674224854,-1.64869737625122,-1.03760242462158,2.04010468747076
9.862697412,0.677621364593506,-2.77205610275269,-0.652952671051025,2.9274242844512
9.8674521,1.17407417297363,-3.59236001968384,-0.493376970291138,3.811419881026
9.872206787,1.60655212402344,-4.29688882827759,-0.190962791442871,4.59137562365536
9.876961475,1.22436714172363,-4.67878341674805,-0.129688501358032,4.83806865039693
9.881716162,0.595799446105957,-4.74777126312256,-0.394615173339844,4.80125297000091
9.886470798,-0.0324668884277344,-4.60744190216064,-0.461363077163696,4.63059724761286
9.891225485,-0.722319602966309,-4.40210771560669,-0.430364847183228,4.48168627308119
9.895980173,-1.34704256057739,-4.18754386901856,-0.267906665802002,4.40701954801008
9.90073486,-1.85699987411499,-4.07165241241455,0.278443574905396,4.48378553505745
9.905489548,-2.18561506271362,-4.12572288513184,1.13402843475342,4.80463557599227
9.910244235,-2.37379884719849,-4.25785446166992,1.62303388118744,5.13794555860664
9.914998923,-2.30228614807129,-4.48613119125366,1.69191753864288,5.31869152426678
9.91975361,-2.08843183517456,-4.7666540145874,1.32263827323914,5.3695353641437
9.924508298,-1.82537508010864,-5.06550550460815,0.854628324508667,5.45176391394103
9.929262985,-1.65415000915527,-5.29892826080322,0.674400329589844,5.59192889533463
9.934017673,-1.58685111999512,-5.54094696044922,0.714395999908447,5.80780090397617
9.93877236,-1.59035968780518,-5.70526790618897,0.678252458572388,5.96148909380409
9.943526996,-1.67947149276733,-5.80127716064453,0.621323823928833,6.07136594876438
9.948281683,-1.81380414962769,-5.93615245819092,0.534406900405884,6.23003870255186
9.953036371,-2.12005043029785,-6.03269100189209,0.389433145523071,6.40621828586475
9.957791058,-2.39956283569336,-6.11168098449707,0.311323404312134,6.5732388151334
9.962545746,-2.60165882110596,-6.17713832855225,0.395718336105347,6.71433239816422
9.967300433,-2.86167430877686,-6.17346000671387,0.582037210464478,6.82931589680653
9.972055121,-3.2528395652771,-6.05251884460449,0.687683582305908,6.90556719691422
9.976809808,-3.83685803413391,-5.82381725311279,0.640352249145508,7.00345471711911
9.981564496,-4.42013168334961,-5.53749084472656,0.468725204467773,7.10077969457474
9.986319183,-4.90985298156738,-5.30333518981934,0.165792942047119,7.22907378132322
9.991073819,-5.25377988815308,-5.05639505386353,-0.2154541015625,7.29491292091807
9.995828506,-5.50708389282227,-4.75800466537476,-0.722415685653687,7.31358091643135
10.000583194,-5.72471952438355,-4.4292311668396,-1.37848091125488,7.36822312262974
10.005337881,-5.9568076133728,-4.02431440353394,-2.04004764556885,7.47264730583599
10.010092569,-6.05525398254395,-3.71511459350586,-2.51379442214966,7.53573749760601
10.014847256,-6.00107860565186,-3.70428991317749,-2.69268751144409,7.54885913409224
10.019601944,-5.94462776184082,-3.88102865219116,-2.62948751449585,7.57067944208886
10.024356631,-5.89037179946899,-4.07723522186279,-2.56019854545593,7.60755831936455
10.029111319,-5.93614482879639,-4.22546625137329,-2.56271743774414,7.72398220710396
10.033866006,-6.08908176422119,-4.1796178817749,-2.59558701515198,7.82835834145635
10.038620694,-6.23941135406494,-3.69586372375488,-2.84704041481018,7.79071895484392
10.043375329,-6.22502279281616,-3.40527629852295,-3.12531757354736,7.75334930052083
10.048130016,-6.01670217514038,-3.22363948822022,-3.50008153915405,7.67092741427519
10.052884704,-5.9523720741272,-2.99037837982178,-3.83517718315125,7.68646083640051
10.057639391,-5.86535310745239,-2.78183746337891,-3.95884919166565,7.60351719075532
10.062394079,-5.84944534301758,-2.51906824111938,-4.09113788604736,7.56961853906909
10.067148766,-6.59098958969116,-1.40651798248291,-4.3514404296875,8.02212380978903
10.071903454,-6.37796068191528,-0.929327011108398,-4.06550073623657,7.62038892642449
10.076658141,-5.86455774307251,-0.518274307250977,-3.53904986381531,6.86924447941397
10.081412829,-6.24318885803223,0.287275314331055,-3.29924774169922,7.06717552381354
10.086167516,-6.07637929916382,0.327320098876953,-2.6661639213562,6.64364010840269
10.090922204,-6.1167140007019,0.787346839904785,-2.22933316230774,6.55774592076087
10.095676839,-5.63063049316406,0.949356079101563,-2.03257036209106,6.06107407909911
10.100431527,-4.78884124755859,0.805956840515137,-1.89963722229004,5.21451709167795
10.105186214,-3.42730951309204,0.459699630737305,-1.87944400310516,3.93574440352002
10.109940902,-2.15314722061157,0.103620529174805,-1.94283521175385,2.90196292666264
10.114695589,-1.4643030166626,-0.205974578857422,-2.13776254653931,2.59935329594284
10.119450277,-1.13823556900024,-0.630560874938965,-3.19851469993591,3.45306870960414
10.124204964,0.443983316421509,-1.60903644561768,-3.32195496559143,3.71772837388696
10.128959652,2.82826995849609,-2.98056364059448,0.379374861717224,4.12635382141041
10.133714339,4.11363315582275,-3.92044258117676,4.08297204971314,6.99732152553581
10.138469027,3.53779053688049,-4.69451999664307,4.17666006088257,7.2110310737019
10.143223714,2.79741716384888,-5.35203456878662,3.83708000183105,7.1549283542559
10.147978402,3.28829860687256,-5.72212791442871,4.37825202941895,7.91989560727636
10.152733037,4.4137864112854,-5.677414894104,4.03607892990112,8.24648309842647
10.157487725,5.05680513381958,-5.21212005615234,2.61794996261597,7.71952949653867
10.162242412,5.3366494178772,-4.51313304901123,0.564469575881958,7.01190579154503
10.1669971,4.64235973358154,-3.86476469039917,-2.35916757583618,6.48487329552492
10.171751787,3.0733757019043,-3.25157690048218,-4.05321979522705,6.03713352951758
10.176506475,1.55145740509033,-2.98251056671143,-4.558922290802,5.66446483031948
10.181261162,0.344133377075195,-3.14153623580933,-4.70784950256348,5.67023144509176
10.18601585,-0.79930591583252,-3.48555135726929,-4.76308488845825,5.95608393711052
10.190770537,-2.01170492172241,-3.7958869934082,-4.74319076538086,6.39949790183589
10.195525225,-3.36129522323608,-3.96880626678467,-4.77415132522583,7.05990436459125
10.200279912,-5.01262903213501,-3.15723514556885,-4.38900852203369,7.37278640574256
10.205034548,-5.73950910568237,-1.59436178207397,-4.28248596191406,7.33645965574268
10.209789235,-4.54802227020264,-1.14553165435791,-4.66601037979126,6.61576920741004
10.214543923,-4.12693691253662,-0.30211353302002,-3.50028347969055,5.41985842112926
10.21929861,-4.57096004486084,2.0999116897583,-4.09380960464478,6.48556720076044
10.224053298,-4.39151191711426,4.91788101196289,-5.93444442749023,8.87065731662269
10.228807985,-3.37644624710083,7.71695995330811,-5.96476793289185,10.3213524634021
10.233562673,0.420675039291382,10.3475408554077,-1.63794302940369,10.4848188639855
10.23831736,6.59615516662598,12.6980504989624,4.16413879394531,14.9026776571073
10.243072048,11.0422554016113,14.8141174316406,7.96116781234741,20.118888452626
10.247826735,10.2850999832153,16.1667652130127,7.37327527999878,20.5307761049614
10.252581423,4.83446979522705,14.7915554046631,1.11738407611847,15.6016267313298
10.25733611,-1.48348999023438,9.56022262573242,-4.27259254455566,10.5760884194717
10.262090798,-4.99995899200439,3.82889080047607,-2.16503071784973,6.65938080401841
10.266845433,-6.68968868255615,-0.518833160400391,3.3957405090332,7.52011809232674
10.271600121,-9.01145553588867,-3.06541776657105,6.34133768081665,11.4374682749747
10.276354808,-12.5641832351685,-4.00621318817139,5.99317646026611,14.4853929377098
10.281109496,-16.0107173919678,-4.11444616317749,3.04121160507202,16.8083522887275
10.285864183,-17.754861831665,-3.84447860717773,0.198621660470963,18.1674044647707
10.290618871,-18.0295810699463,-3.02897214889526,-0.897698879241943,18.3042707889263
10.295373558,-18.2205657958984,-1.52217102050781,-2.22868275642395,18.4193661499825
10.300128246,-18.954195022583,0.171366691589355,-4.50718832015991,19.4834704827062
10.304882933,-19.0584926605225,0.626935005187988,-6.98317432403564,20.3072379616675
10.309637621,-16.9450149536133,-0.582575798034668,-7.29696846008301,18.4585664407093
10.314392308,-13.0285549163818,-1.73081684112549,-6.05644226074219,14.4713324543528
10.319146996,-9.21909999847412,-1.68361377716064,-5.80351543426514,11.0230282376607
10.323901683,-7.13788223266602,-0.531400680541992,-7.13753890991211,10.1082249253367
10.328656319,-5.97805643081665,0.904613494873047,-8.84199047088623,10.7115022173539
10.333411006,-4.43387842178345,1.89514255523682,-8.9201831817627,10.1400449288959
10.338165694,-2.38573145866394,2.37370204925537,-8.03207778930664,8.70864223774125
10.342920381,0.114891439676285,2.43158912658691,-7.87625598907471,8.24386038994365
10.347675069,2.47943353652954,1.98067378997803,-7.76734304428101,8.39060649130406
10.352429756,3.76503348350525,1.24602699279785,-6.63386201858521,7.72891879115856
10.357184444,3.3702917098999,0.717951774597168,-5.4883279800415,6.48043709767896
10.361939131,1.75999736785889,0.642528533935547,-4.82599020004273,5.17693104673995
10.366693819,-0.144280403852463,0.789852142333984,-4.20384454727173,4.27983553647937
10.371448506,-1.71326696872711,0.841750144958496,-3.54097509384155,4.02272688954585
10.376203194,-2.86859226226807,0.807766914367676,-2.52956962585449,3.90896807957509
10.380957829,-3.72612380981445,0.819393157958984,-1.32274913787842,4.03795357515837
10.385712516,-4.56860971450806,0.965011596679688,-0.503411293029785,4.69647368087734
10.390467204,-5.43114757537842,1.2109489440918,-0.0355008840560913,5.564622327122
10.395221891,-5.79126644134522,1.24637031555176,0.425276041030884,5.93911320562378
10.399976579,-5.28051233291626,1.08825969696045,0.499300360679626,5.41455635452102
10.404731266,-3.98421597480774,0.818090438842773,0.0678420066833496,4.06790504288264
10.409485954,-2.34024691581726,0.65099048614502,-0.462481379508972,2.4727380100682
10.414240641,-0.868683934211731,0.617918968200684,-1.00777912139893,1.46698820252494
10.418995329,0.145126283168793,0.790410995483398,-1.22639679908752,1.46624018791587
10.423750016,0.704244673252106,0.876640319824219,-1.45824146270752,1.84144697824967
10.428504704,1.00664210319519,0.840831756591797,-1.59330785274506,2.06372388667611
10.433259391,1.02293109893799,0.711802482604981,-1.54057633876801,1.98152119922774
10.438014079,1.15459620952606,0.434741973876953,-1.45040249824524,1.90414295624525
10.442768766,1.18471169471741,0.50697135925293,-1.3510650396347,1.86706681723662
10.447523402,0.770211696624756,0.540953636169434,-0.910570859909058,1.30957862880319
10.452278089,0.253837406635284,0.405270576477051,-0.409298658370972,0.629446630707994
10.457032777,-0.340129375457764,0.248290061950684,-0.181941628456116,0.458735984067117
10.461787464,-0.746885657310486,0.0532855987548828,0.187682867050171,0.771947147617604
10.466542152,-0.814198672771454,-0.153383255004883,0.386681437492371,0.914313095039033
10.471296839,-0.664531767368317,-0.319098472595215,0.427489995956421,0.852158436968783
10.476051527,-0.333831965923309,-0.338696479797363,0.324983358383179,0.575997630312276
10.480806214,0.110977530479431,-0.236142158508301,-0.092233419418335,0.276742000704394
10.485560902,0.569499611854553,-0.0450248718261719,-0.842840313911438,1.01820275080152
10.490315589,0.821536421775818,0.0766592025756836,-1.50177383422852,1.71351200019643
10.495070277,0.983957052230835,0.0452346801757813,-1.57486367225647,1.85752880007782
10.499824964,1.0546487569809,-0.0363197326660156,-1.4259192943573,1.7739360071893
10.504579652,0.883776843547821,-0.0483512878417969,-1.30346393585205,1.57556897287749
10.509334339,0.507710158824921,0.0855388641357422,-0.997195482254028,1.12226794148256
10.514088975,0.136508822441101,0.130903244018555,-0.660443067550659,0.686990075164527
10.518843662,-0.110877871513367,0.0925474166870117,-0.525125980377197,0.544624845186011
10.52359835,-0.299012303352356,0.0398836135864258,-0.383065462112427,0.487584052704967
10.528353037,-0.43966817855835,0.094874382019043,-0.0858721733093262,0.457911875527573
10.533107725,-0.525216102600098,0.192949295043945,0.0867767333984375,0.566225737977086
10.537862412,-0.631917595863342,0.302952766418457,0.0558648109436035,0.703008608584609
10.5426171,-0.633293509483337,0.40804386138916,0.129571199417114,0.76442733970567
10.547371787,-0.465087413787842,0.453237533569336,0.365082263946533,0.744993707186983
10.552126475,-0.239734888076782,0.402831077575684,0.540212988853455,0.715245249510933
10.556881162,-0.0550919771194458,0.376541137695313,0.5765780210495,0.6908404799063
10.56163585,0.155946016311646,0.386295318603516,0.682192802429199,0.799331128422175
10.566390537,0.491308689117432,0.446365356445313,0.849709987640381,1.0782547577139
10.571145225,0.83869606256485,0.43724250793457,0.957214951515198,1.34567921865166
10.575899912,1.07889914512634,0.42124080657959,0.930920124053955,1.485960786781
10.580654548,1.21916508674622,0.434238433837891,0.971826434135437,1.61844775765154
10.585409235,1.43636155128479,0.495331764221191,1.13250267505646,1.89500669435909
10.590163923,1.81163513660431,0.551923751831055,1.15961229801178,2.22066259880125
10.59491861,2.14410185813904,0.572947502136231,1.16555118560791,2.50678104040848
10.599673298,2.30025577545166,0.584748268127441,1.11673557758331,2.62301458627608
10.604427985,2.2637779712677,0.582618713378906,1.02764284610748,2.55346530963945
10.609182673,2.17590093612671,0.590539932250977,1.18288159370422,2.54607367531741
10.61393736,2.12030124664307,0.555953979492188,1.42448592185974,2.61417718324637
10.618692048,2.12083172798157,0.512372970581055,1.5587455034256,2.68144379464587
10.623446735,2.12990975379944,0.433515548706055,1.6595710515976,2.73470791230081
10.628201423,2.17649364471436,0.371994972229004,1.84618544578552,2.87817746935034
10.63295611,2.20814847946167,0.339838027954102,1.8820663690567,2.92122977701633
10.637710798,2.2800030708313,0.320348739624023,1.67185723781586,2.84537237310271
10.642465485,2.42997264862061,0.389920234680176,1.44992387294769,2.85641105231739
10.647220121,2.7341513633728,0.526859283447266,1.34514510631561,3.09234211228848
10.651974808,3.2231969833374,0.561463356018066,1.20230555534363,3.48565324465251
10.656729496,3.694007396698,0.599206924438477,0.864205360412598,3.84077993252938
10.661484183,4.02725553512573,0.664028167724609,0.605848431587219,4.12635103630184
10.666238871,4.18483591079712,0.806042671203613,0.579884767532349,4.30102577668563
10.670993558,4.13826942443848,1.02989196777344,0.785779356956482,4.33628879254433
10.675748246,3.94761896133423,1.23761940002441,1.06577789783478,4.27215165586563
10.680502933,3.79723882675171,1.33136653900146,1.34097480773926,4.24143525278352
10.685257621,3.73266696929932,1.35431003570557,1.63503646850586,4.29421734776607
10.690012308,3.82573318481445,1.38304328918457,2.00503754615784,4.53533005443393
10.694766996,4.30339050292969,1.4487133026123,2.12589955329895,5.01372007242008
10.699521683,5.11750316619873,1.63497734069824,2.18186163902283,5.79849202573308
10.704276371,6.01929950714111,1.74582386016846,2.59350657463074,6.78278289937512
10.709031058,6.54523181915283,1.79355812072754,2.74679899215698,7.32132604124369
10.713785746,6.79355716705322,1.70435619354248,2.94604420661926,7.59844888670324
10.718540433,6.80516338348389,1.59077072143555,3.2748761177063,7.7178762461191
10.723295069,6.73781585693359,1.51986789703369,3.26514863967896,7.63998406972009
10.728049756,6.97373199462891,1.50124931335449,3.10870122909546,7.78143372172107
10.732804444,7.33350467681885,1.69978046417236,3.35978627204895,8.24364653931466
10.737559131,7.45389175415039,1.94561958312988,3.50875782966614,8.46506463956969
10.742313819,7.31135606765747,2.23400783538818,3.52933764457703,8.42038851633795
10.747068506,6.99933433532715,2.58166885375977,3.67967677116394,8.31839626060254
10.751823194,6.70431089401245,2.9501838684082,3.89695596694946,8.29684489606339
10.756577881,6.47426557540894,3.29419612884522,4.11622095108032,8.34931840297977
10.761332569,6.36142444610596,3.54913806915283,4.18668460845947,8.40193013706588
10.766087256,6.33198642730713,3.72456932067871,4.06754493713379,8.3971060822015
10.770841944,6.47662591934204,3.92563056945801,3.85170435905457,8.49663963791076
10.775596631,6.8788537979126,4.30763339996338,3.82572412490845,8.9727643545032
10.780351319,7.48845195770264,4.86567401885986,3.92688727378845,9.75562094598135
10.785106006,8.13330078125,5.50872421264648,3.96572709083557,10.5935648111609
10.789860694,8.67711353302002,6.10286426544189,4.07352256774902,11.3635750368133
10.794615381,9.14117622375488,6.6242208480835,4.49399614334106,12.1506133974499
10.799370016,9.70445823669434,7.03715419769287,5.16275119781494,13.0518982834065
10.804124704,10.4550514221191,7.42580604553223,5.70051240921021,14.0337641918545
10.808879391,11.4621562957764,7.73813247680664,6.30180501937866,15.1977783797396
10.813634079,12.5727863311768,7.84814739227295,6.93380641937256,16.3629473225821
10.818388766,13.3807563781738,7.61813306808472,6.85422325134277,16.8541083737566
10.823143454,13.5469408035278,7.15682888031006,5.441978931427,16.2589956469157
10.827898141,13.3007526397705,6.91439914703369,3.29829931259155,15.3491926401457
10.832652829,12.6824855804443,7.09851217269898,2.00916886329651,14.6721189705296
10.837407516,11.8233699798584,7.45694875717163,1.26621735095978,14.0357211723364
10.842162204,10.740364074707,7.80463552474976,-0.293329238891602,13.2798267373423
10.846916891,9.49568367004395,8.27452278137207,-2.22131752967834,12.7894482753808
10.851671579,8.25381374359131,8.99444675445557,-2.38017153739929,12.4374728253001
10.856426266,6.86875152587891,9.79755592346191,-1.45873427391052,12.0540348132693
10.861180954,5.32840490341187,10.6002635955811,-0.585378885269165,11.8785586478252
10.865935641,3.88951373100281,11.3764152526855,-0.234676361083984,12.025232391087
10.870690277,2.63334679603577,11.759162902832,-0.403809547424316,12.0571758581404
10.875444964,1.56450462341309,11.6887216567993,-1.28868722915649,11.863161613221
10.880199652,0.871467590332031,11.3658275604248,-2.42980885505676,11.6552761857634
10.884954339,0.516252040863037,10.7400302886963,-3.04693746566772,11.1758039841212
10.889708975,0.430373668670654,9.55054092407227,-3.00000905990601,10.0198856179391
10.894463714,0.317111492156982,7.94119882583618,-3.75858044624329,8.79148027699558
10.899218402,-0.312226295471191,6.13019037246704,-5.1862850189209,8.03581181709444
10.903973089,-1.40083265304565,4.36262941360474,-5.69036483764648,7.3058277770429
10.908727777,-2.37813854217529,2.72241592407227,-5.69677495956421,6.74687604223908
10.913482464,-2.56771469116211,1.47528505325317,-5.5426664352417,6.28416867500522
10.918237152,-2.00168418884277,0.950991153717041,-4.29543924331665,4.83341722380098
10.922991839,-1.24447250366211,1.29199171066284,-2.45926928520203,3.0440039109585
10.927746527,-1.53981590270996,2.53129148483276,-1.2692449092865,3.22326732294655
10.932501214,-3.10621547698975,4.34673357009888,-0.689372062683106,5.38682663167501
10.937255902,-4.90668630599976,5.9185848236084,-0.170083284378052,7.6898728951367
10.942010589,-6.05517530441284,6.9632830619812,-0.0557167530059814,9.22797720657193
10.946765277,-5.79051542282105,6.7432599067688,-0.403183460235596,8.89742546666009
10.951519964,-5.05866861343384,5.64537715911865,-0.674217700958252,7.61018928263448
10.956274652,-3.93297052383423,4.10131692886353,-0.323651552200317,5.69155585227564
10.961029339,-2.66961812973022,2.29077959060669,0.199726343154907,3.52341066347289
10.965783975,-1.44253540039063,0.336723804473877,0.50494909286499,1.56501274380264
10.970538662,-0.322407722473145,-1.52808141708374,0.736385107040405,1.72662751704526
10.97529335,0.484120845794678,-3.07163095474243,0.592755317687988,3.16554080405106
10.980048037,0.507209777832031,-3.99846649169922,0.0789079666137695,4.03128050514536
10.984802725,0.138993740081787,-4.54541301727295,-0.26754355430603,4.55540100439325
10.989557412,-0.204638957977295,-4.76818180084229,-0.72906231880188,4.82793606561876
10.9943121,-0.423087596893311,-4.70096015930176,-0.881909608840942,4.80164493607694
10.999066787,-1.16307878494263,-4.13165950775147,-0.63387131690979,4.33879653756403
11.003821475,-1.50015830993652,-3.50603532791138,-0.53711748123169,3.85113669766199
11.008576162,-2.06964778900147,-3.20250105857849,-0.367993831634522,3.83077987632232
11.01333085,-2.66124963760376,-3.18751621246338,-0.194341659545898,4.15695536649097
11.018085537,-2.91697883605957,-3.35761380195618,-0.194775581359863,4.45199657459438
11.022840225,-3.01871347427368,-3.60420942306519,-0.19667649269104,4.70549022396717
11.027594912,-2.95212650299072,-3.89069795608521,0.0413415431976318,4.88408544134312
11.0323496,-2.88429403305054,-4.4530348777771,0.810026407241821,5.36701168921955
11.037104287,-2.80692338943481,-5.08971166610718,1.7724050283432,6.07662762910152
11.041858975,-2.73091840744019,-5.46536111831665,2.14825868606567,6.47634950291904
11.046613662,-2.82349967956543,-5.58252477645874,2.20310735702515,6.63252707094816
11.051368298,-3.02998208999634,-5.56626510620117,1.92192995548248,6.62253074375591
11.056122985,-3.18171072006226,-5.49130535125732,1.55328369140625,6.53378969610249
11.060877673,-3.22503709793091,-5.52951002120972,1.20346236228943,6.51342206640538
11.06563236,-3.11539316177368,-5.57936859130859,0.933948755264282,6.45811804689004
11.070387048,-3.017822265625,-5.62048149108887,0.805804967880249,6.43011547834368
11.075141735,-2.96517944335938,-5.61584186553955,0.790839195251465,6.39964027292267
11.079896423,-3.17139482498169,-5.54066801071167,0.781070232391357,6.43170411701068
11.08465111,-3.52310705184937,-5.44707489013672,0.73767352104187,6.52894098466168
11.089405798,-3.90262937545776,-5.32992315292358,0.7414710521698,6.64743380406774
11.094160485,-4.26899242401123,-5.18651962280273,0.81109881401062,6.7662517984533
11.098915173,-4.65549659729004,-4.99743747711182,0.750338792800903,6.87102890468398
11.10366986,-4.93780851364136,-4.7766489982605,0.452048540115356,6.88496016347172
11.108424548,-5.03987312316895,-4.53341341018677,-0.102180004119873,6.7795721840352
11.113179235,-4.99081420898438,-4.32955551147461,-0.577205896377564,6.6322276832414
11.117933923,-4.94398498535156,-4.17185211181641,-0.99196720123291,6.54456541770121
11.12268861,-4.63459587097168,-3.95949697494507,-1.58960509300232,6.29951899223471
11.127443246,-4.32369041442871,-3.84744930267334,-2.47208857536316,6.29351943358447
11.132197985,-4.31025791168213,-3.83284091949463,-3.32336258888245,6.6568559903722
11.136952673,-4.2287974357605,-3.99881982803345,-3.91359162330627,7.01352173759952
11.14170736,-3.97627973556519,-4.31829023361206,-4.07281684875488,7.14466711335646
11.146461996,-3.76674890518188,-4.51559925079346,-3.93009042739868,7.07281023893517
11.151216683,-3.78283023834229,-4.53311729431152,-3.81323480606079,7.02849320283206
11.155971371,-4.28144454956055,-4.34937715530396,-3.89965081214905,7.2425910782493
11.160726058,-5.11348867416382,-3.79488086700439,-4.18013572692871,7.61724503420387
11.165480746,-5.50923824310303,-2.94647836685181,-4.64777040481567,7.78686140376693
11.170235433,-5.90831089019775,-2.27757024765015,-4.96419715881348,8.0460373625644
11.174990121,-6.7320761680603,-1.77347850799561,-4.81568956375122,8.46504232271229
11.179744808,-6.76463890075684,-1.87115144729614,-4.42091369628906,8.29493972891831
11.184499496,-7.65331363677979,-1.94604825973511,-4.16208076477051,8.92654635033114
11.189254183,-9.24107265472412,-2.33513784408569,-3.61989808082581,10.195781219521
11.194008871,-9.35515117645264,-2.67959403991699,-2.55103993415833,10.0601631447364
11.198763558,-9.72371006011963,-2.46594524383545,-2.00886940956116,10.2306881285443
11.203518246,-9.84220027923584,-2.06808137893677,-1.37307918071747,10.1504292206298
11.208272933,-9.36994743347168,-1.63008403778076,-0.882402300834656,9.55152986158597
11.213027621,-8.5138692855835,-1.20749568939209,-0.625540018081665,8.62179310620036
11.217782308,-7.44194984436035,-0.815258979797363,-0.758539915084839,7.52480215639536
11.222536996,-6.24736595153809,-0.41583251953125,-1.20605289936066,6.37628901578287
11.227291683,-5.32106018066406,0.0209064483642578,-1.81918621063232,5.62348263932473
11.232046371,-5.23507118225098,0.639780044555664,-2.90696716308594,6.02210485427697
11.236801058,-4.70396137237549,0.823210716247559,-4.90804290771484,6.84790578645147
11.241555746,-2.42602014541626,0.071293830871582,-3.9675407409668,4.65102527272399
11.246310433,0.201358556747437,-0.997565269470215,0.905981302261353,1.36252847870265
11.251065069,1.01628708839417,-2.08417654037476,3.41854476928711,4.13074807233574
11.255819808,0.300893068313599,-3.27160501480103,2.60451817512512,4.19254707021728
11.260574496,0.0101146697998047,-4.16186761856079,2.09878516197205,4.66113114351914
11.265329131,0.601221323013306,-4.74726676940918,2.28047180175781,5.3008075326119
11.270083819,1.85628151893616,-5.23747730255127,2.31372976303101,6.01916065482715
11.274838506,3.50495076179504,-5.53110218048096,1.41167080402374,6.69855100991714
11.279593194,4.63058280944824,-5.54100608825684,-0.270006537437439,7.22619880404047
11.284347881,4.50231027603149,-5.10806941986084,-2.04798746109009,7.11037436852368
11.289102569,3.61457633972168,-4.46189641952515,-3.19772100448608,6.57260233064337
11.293857256,2.63367009162903,-4.07233762741089,-3.87374591827393,6.20693638943656
11.298611944,1.60822153091431,-4.0238733291626,-4.24824666976929,6.06840447142808
11.303366631,0.319580554962158,-4.08567380905151,-4.25570774078369,5.90812242426015
11.308121319,-1.21208906173706,-4.06054544448853,-4.11411094665527,5.90619150398359
11.312876006,-2.70413160324097,-4.05012512207031,-4.13144207000732,6.38628646475384
11.317630694,-3.98674464225769,-3.96943473815918,-4.31908845901489,7.0926067210773
11.322385381,-5.08381652832031,-3.60699462890625,-4.75312232971191,7.83886296778987
11.327140069,-5.96975803375244,-2.18521451950073,-4.38031530380249,7.7201253641709
11.331894756,-5.44122743606567,-1.423752784729,-5.09038162231445,7.58590884889966
11.336649444,-5.84985113143921,-0.888652801513672,-4.67975282669067,7.54390804428037
11.341404131,-7.42574977874756,1.29128932952881,-4.79468393325806,8.93298281253061
11.346158819,-7.44292163848877,4.11605358123779,-5.40873861312866,10.0793567743906
11.350913506,-6.30753993988037,7.21527576446533,-4.7606954574585,10.7009105074817
11.355668194,-4.08062362670898,10.0853614807129,-1.67096722126007,11.0071856909034
11.360422881,0.128393888473511,11.0355281829834,1.48798513412476,11.1361333966236
11.365177569,4.93455696105957,11.6648235321045,5.107581615448,13.6566961742415
11.369932256,8.82959651947022,13.0977945327759,5.82987928390503,16.8375024509088
11.374686944,10.5531978607178,14.2394819259644,4.59071111679077,18.3086716930844
11.379441631,8.87285327911377,13.2133340835571,2.98758339881897,16.1939920180687
11.384196319,5.15469074249268,9.37719535827637,-0.0566250085830689,10.7007399664517
11.388950954,2.41549634933472,4.60215950012207,-2.57968282699585,5.80252170750877
11.393705641,0.618294715881348,0.966852188110352,-1.51489627361298,1.90052682936786
11.398460329,-1.71613883972168,-1.06595802307129,0.545434296131134,2.09258156245997
11.403215016,-5.17077732086182,-2.24041223526001,-0.0716390013694763,5.63573573123855
11.407969704,-8.99342918395996,-3.17284917831421,-2.2424795627594,9.79680840807992
11.412724391,-12.0694808959961,-3.78127765655518,-3.09932112693787,13.0221434972381
11.417479079,-14.1402378082275,-3.5898609161377,-2.45306491851807,14.7936119377556
11.422233766,-15.3312358856201,-2.60869407653809,-1.25046348571777,15.6017863558826
11.426988454,-16.4100475311279,-1.35471343994141,-2.11057376861572,16.6005852339911
11.431743141,-17.396951675415,-0.47847843170166,-5.0163311958313,18.1120525582442
11.436497829,-17.3241691589355,-0.181011199951172,-6.57370471954346,18.53033177905
11.441252516,-15.4791679382324,-0.383587837219238,-5.83408308029175,16.5465496426479
11.446007204,-12.5944900512695,-0.608090400695801,-4.85584497451782,13.5118534629227
11.450761891,-9.84580612182617,-0.457998275756836,-4.78933525085449,10.9584393393523
11.455516579,-7.37168121337891,0.123322486877441,-4.89068365097046,8.8473543458665
11.460271266,-4.90123510360718,0.903173446655273,-5.29421377182007,7.27093716637021
11.465025954,-2.27051305770874,1.68975353240967,-6.19383096694946,6.80984864682461
11.469780641,0.575674533843994,2.35847282409668,-6.97916126251221,7.38934957618531
11.474535329,3.32429504394531,2.64169406890869,-7.44950008392334,8.57464498351276
11.479290016,5.68299674987793,2.2938117980957,-7.56502628326416,9.73589478634007
11.484044704,7.11974668502808,1.35409355163574,-7.56423664093018,10.4757834153604
11.488799391,6.71922302246094,0.265505790710449,-7.43327856063843,10.0235762834687
11.493554079,4.60541105270386,-0.369636535644531,-6.72055816650391,8.15551005162844
11.498308766,1.85511028766632,-0.394269943237305,-5.32188081741333,5.64971666566543
11.503063454,-0.857226610183716,-0.0983037948608398,-3.9187593460083,4.01262705832706
11.507818141,-3.3661048412323,0.35057544708252,-2.98409175872803,4.51202488587698
11.512572777,-5.62556600570679,0.925725936889648,-2.13570308685303,6.0881186806753
11.517327516,-7.40835428237915,1.41421127319336,-1.068035364151,7.61737528532958
11.522082204,-8.75061893463135,1.64646148681641,-0.0464965105056763,8.90428711869668
11.526836839,-9.64806175231934,1.68008327484131,0.431783318519592,9.8027655394343
11.531591527,-9.66913032531738,1.431565284729,0.744648218154907,9.80285475671321
11.536346214,-8.52812767028809,0.877313613891602,0.999816477298737,8.63123824987649
11.541100902,-6.63457584381104,0.373841285705566,0.865780889987946,6.70126334982048
11.545855589,-4.54315090179443,0.117131233215332,0.429585099220276,4.56491875061783
11.550610309,-2.566814661026,0.123610496520996,-0.219905138015747,2.57918113528963
11.555364996,-0.911148846149445,0.330841064453125,-0.948336005210877,1.35609336276942
11.560119684,0.430686771869659,0.537844657897949,-1.66209185123444,1.79925464941258
11.564874371,1.60429906845093,0.672926902770996,-2.04072761535645,2.68163668635106
11.569629059,2.39968180656433,0.73381233215332,-2.09161043167114,3.26677019538438
11.574383746,2.68384981155396,0.651317596435547,-2.12811088562012,3.48656282947828
11.579138434,2.59635543823242,0.468565940856934,-2.00487089157105,3.31362684900384
11.583893121,2.20239067077637,0.309897422790527,-1.5431022644043,2.70697722151197
11.588647809,1.57175850868225,0.191993713378906,-1.03243589401245,1.89029369962378
11.593402496,0.974753320217133,0.0718631744384766,-0.654170513153076,1.1761153903396
11.598157184,0.564699292182922,-0.0336923599243164,-0.283694982528687,0.632853307505867
11.602911871,0.251162469387054,-0.0625457763671875,0.0620813369750977,0.26617410199077
11.607666559,0.0176909565925598,-0.0553417205810547,0.31881058216095,0.324061511568151
11.612421246,-0.0856530666351318,-0.0216646194458008,0.589421153068543,0.596005955712176
11.617175934,0.0530053377151489,0.0503730773925781,0.751988887786865,0.755535770236739
11.621930621,0.292374610900879,0.143966674804688,0.730055212974548,0.799493546281064
11.626685309,0.570251286029816,0.163533210754395,0.638616681098938,0.87164264788738
11.631439996,0.812424957752228,0.039886474609375,0.666648983955383,1.0516872684616
11.636194684,1.075932264328,-0.0642681121826172,0.553849220275879,1.21182077324401
11.640949371,1.31525945663452,-0.223003387451172,0.286210417747498,1.36438790389993
11.645704059,1.56623125076294,-0.311977386474609,0.208114385604858,1.61050359143768
11.650458746,1.76709735393524,-0.297792434692383,0.228410005569458,1.8065117002359
11.655213434,1.85141491889954,-0.230716705322266,0.198752164840698,1.87629150801985
11.659968121,1.78120052814484,-0.0678129196166992,0.260050773620605,1.80136068525741
11.664722809,1.60211408138275,0.100009918212891,0.371538043022156,1.64766866539319
11.669477444,1.42886304855347,0.212994575500488,0.57375979423523,1.5544184128461
11.674232132,1.22087955474854,0.230609893798828,0.744730234146118,1.44856858034828
11.678986819,1.059241771698,0.117127418518066,0.927570462226868,1.41283365102704
11.683741507,1.02750015258789,-0.0746946334838867,1.1581734418869,1.55006502229151
11.688496194,1.00868439674377,-0.225249290466309,1.11138248443604,1.51767996685768
11.693250882,0.94077730178833,-0.334599494934082,0.992874264717102,1.408125725604
11.698005569,0.87386828660965,-0.390850067138672,0.993931293487549,1.3799670189893
11.702760257,0.867536187171936,-0.370110511779785,0.964150428771973,1.34877235895606
11.707514944,0.947953820228577,-0.29631233215332,0.975455164909363,1.39209562251321
11.712269632,1.08888149261475,-0.248383522033691,0.939193725585938,1.45926081738556
11.717024319,1.17541325092316,-0.247873306274414,0.800231695175171,1.44340162545706
11.721779007,1.19563937187195,-0.254145622253418,0.790280938148499,1.45557118207314
11.726533694,1.21161222457886,-0.23371410369873,0.691903710365295,1.41469332699136
11.731288382,1.33072662353516,-0.205671310424805,0.632130980491638,1.48752264218547
11.736043069,1.39515233039856,-0.124584197998047,0.687482714653015,1.56032167528174
11.740797757,1.40729117393494,-0.0215854644775391,0.652304530143738,1.55126902262565
11.745552444,1.39588141441345,0.134354591369629,0.555319547653198,1.5082824269124
11.750307132,1.45652318000793,0.269079208374023,0.527971029281616,1.57245565980103
11.755061819,1.47934412956238,0.49976921081543,0.498553514480591,1.63914121556097
11.759816507,1.38801550865173,0.821560859680176,0.512472867965698,1.69238817616324
11.764571194,1.18978345394135,1.13158226013184,0.705873966217041,1.78726638610495
11.769325882,1.0279620885849,1.2935905456543,0.906423807144165,1.88459191166993
11.774080569,0.962409615516663,1.34599876403809,1.2357964515686,2.06522100767461
11.778835257,1.04820430278778,1.2698860168457,1.72245049476624,2.38289287696353
11.783589944,1.28794813156128,1.24237728118896,2.14637279510498,2.79449957487444
11.788344632,1.68433511257172,1.31611824035645,2.48604774475098,3.27865603307549
11.793099319,2.18739533424377,1.36914157867432,2.87263441085815,3.86151207031295
11.797854007,2.75917029380798,1.37056064605713,3.20090842247009,4.44266495740934
11.802608694,3.45950126647949,1.23694705963135,3.47584223747253,5.05763445702652
11.807363382,4.41748142242432,0.913710594177246,3.77659797668457,5.8831710365137
11.812118069,5.56381797790527,0.613968849182129,3.89537692070007,6.81960333108538
11.816872757,6.75767517089844,0.333192825317383,3.85174775123596,7.7854448757519
11.821627444,7.77452659606934,0.215008735656738,3.40735411643982,8.4911456602874
11.826382132,8.60266494750977,0.216498374938965,3.35419249534607,9.23597980948964
11.831136819,9.01779365539551,0.337831497192383,3.03272485733032,9.5200920474571
11.835891507,8.96260643005371,0.746303558349609,2.37218880653381,9.30121297224667
11.840646194,8.80263900756836,1.21921348571777,2.11375093460083,9.13459785840877
11.845400882,8.5783748626709,1.67042255401611,2.23043298721313,9.01962627296265
11.850155569,7.99381494522095,2.09056758880615,2.18872117996216,8.54763421219108
11.854910257,7.16906833648682,2.46056365966797,2.31314206123352,7.92467920687924
11.859664944,6.26933431625366,2.69422626495361,2.48774147033691,7.26307548900297
11.864419632,5.60282421112061,2.80597591400147,2.57336091995239,6.77401848203958
11.869174319,5.4080982208252,2.81742382049561,2.45741605758667,6.57451876797637
11.873929007,5.61569309234619,2.84821128845215,2.39027214050293,6.73511079023615
11.878683642,5.88863706588745,3.01546001434326,2.7366681098938,7.15949704487378
11.88343833,5.93319749832153,3.41961860656738,3.08734822273254,7.51188012530023
11.888193017,5.79441928863525,4.06527900695801,3.16094923019409,7.75199253952082
11.892947705,5.77989530563355,4.92346477508545,2.98958516120911,8.15998251050292
11.897702392,6.09680271148682,6.09663581848145,2.8343358039856,9.07598099688065
11.90245708,6.88794851303101,7.51503038406372,3.03902053833008,10.6374415262298
11.907211767,8.08631134033203,9.09463787078857,3.73354172706604,12.729501283291
11.911966455,9.49573707580566,10.6297473907471,4.39565753936768,14.9158424974027
11.916721142,10.9125537872314,11.9722843170166,4.68388557434082,16.8629240050538
11.92147583,11.9275798797607,12.8858489990234,4.62535858154297,18.1578139714438
11.926230517,12.5405569076538,13.2875843048096,4.06900930404663,18.7185015673783
11.930985205,12.9110717773438,13.197527885437,3.48574829101563,18.7888519573424
11.935739892,13.0461711883545,12.7456378936768,3.00096988677979,18.4840387430328
11.94049458,12.7859487533569,12.0040721893311,2.2345609664917,17.6796916648201
11.945249267,12.1333379745483,11.1280937194824,1.15935158729553,16.5044374741209
11.950003955,11.0364971160889,10.4828720092773,0.0653672218322754,15.22166702533
11.954758642,9.54366302490234,10.0099124908447,-1.5270562171936,13.9144440312119
11.95951333,8.32381534576416,9.60806465148926,-2.1407744884491,12.8912266161126
11.964268017,7.12148571014404,9.71467018127441,-1.23290967941284,12.1082798831344
11.969022705,5.38775682449341,10.4700317382813,-0.608535051345825,11.7906659315413
11.973777392,3.32700562477112,11.5829439163208,-0.409929752349854,12.0582585225958
11.97853208,1.43088388442993,12.4534339904785,-0.127487659454346,12.5360161115579
11.983286767,-0.0222115516662598,12.8763732910156,-0.272309064865112,12.8792715131492
11.988041455,-1.25287628173828,12.9385852813721,-1.98145437240601,13.1492528111147
11.992796142,-1.965744972229,12.0980176925659,-3.86880302429199,12.8527748842906
11.99755083,-1.46290922164917,10.4350814819336,-4.51104307174683,11.4621349896315
12.002305517,-0.348383903503418,8.4118766784668,-3.90764880180359,9.28174335759134
12.007060205,0.616836547851563,6.56038665771484,-2.48881387710571,7.04367481790311
12.011814892,0.705216407775879,5.0558648109436,-1.60750889778137,5.3519327373184
12.01656958,-0.0691990852355957,3.52335691452026,-1.34937810897827,3.77354657338226
12.021324267,-1.57721376419067,2.01668500900269,-0.844397783279419,2.69585409469724
12.026078955,-3.48221874237061,0.490187644958496,-0.715066909790039,3.58851668276236
12.030833642,-4.92154979705811,-0.929312229156494,-1.87809610366821,5.34906707742539
12.03558833,-4.8359866142273,-1.92246270179749,-3.38532042503357,6.2083028077678
12.040343017,-3.51270294189453,-1.95809459686279,-3.490483045578,5.32509983941384
12.045097705,-2.38457441329956,-0.888442516326904,-1.29296541213989,2.85434489758514
12.049852392,-2.68872404098511,1.15997743606567,0.896559238433838,3.06245050388963
12.05460708,-3.72777843475342,3.37601137161255,2.20319747924805,5.49070705578388
12.059361767,-4.40897417068481,4.72095537185669,2.34165120124817,6.87093903401386
12.064116455,-4.32879734039307,4.8850417137146,1.39139127731323,6.67368628611722
12.068871142,-3.36467599868774,3.98693084716797,0.641854763031006,5.2562952440926
12.07362583,-2.13051128387451,2.49257230758667,0.268136024475098,3.2899683838733
12.078380517,-1.23589897155762,0.96968936920166,0.259386539459229,1.59217622061521
12.083135205,-0.618212223052979,-0.504439353942871,0.143847942352295,0.810763618484078
12.087889892,-0.215018272399902,-1.78856992721558,-0.0195555686950684,1.80155423517383
12.09264458,0.299273014068604,-2.8785994052887,-0.314871549606323,2.91119270503167
12.097399267,0.526671409606934,-3.76117539405823,-0.163929462432861,3.80140710622
12.102153955,0.696307182312012,-4.16773414611816,0.0172529220581055,4.22553538243122
12.106908642,0.556524753570557,-4.21323966979981,0.271010398864746,4.25846861592338
12.11166333,0.0944075584411621,-4.00131320953369,0.536708116531372,4.03825157589647
12.116418017,-0.563130855560303,-3.65274834632874,0.98918604850769,3.82598691590205
12.121172705,-1.18732929229736,-3.34310626983643,1.54151511192322,3.86812347528548
12.125927392,-1.61422920227051,-3.22555828094482,1.76614141464233,4.01611972403083
12.13068208,-1.66539144515991,-3.36883473396301,1.72144210338593,4.13351412791552
12.135436767,-1.63033771514893,-3.628662109375,1.38853931427002,4.21345834163865
12.140191455,-1.76443386077881,-3.84682154655457,1.19686079025269,4.39815172673062
12.144946142,-1.89056491851807,-4.05426740646362,1.33898019790649,4.66949546360527
12.14970083,-2.0037956237793,-4.23394823074341,1.65134274959564,4.96673407775516
12.154455517,-2.14905452728272,-4.36389636993408,1.95604777336121,5.24291424500053
12.159210205,-2.33303117752075,-4.3529052734375,2.05638408660889,5.34972282519965
12.163964892,-2.63202381134033,-4.28215837478638,1.91605734825134,5.37919189581517
12.16871958,-3.03133821487427,-4.32345962524414,1.494056224823,5.48757856499619
12.173474267,-3.45923709869385,-4.47874450683594,1.14651536941528,5.77407751548231
12.178228955,-3.78428363800049,-4.6277961730957,0.97635555267334,6.05727415904163
12.182983642,-3.97284269332886,-4.75314903259277,1.08864259719849,6.28975734797529
12.18773833,-4.14638519287109,-4.83728504180908,1.3516560792923,6.51297250877496
12.192493017,-4.297287940979,-4.92019987106323,1.55015897750855,6.71401841481274
12.197247705,-4.46119356155396,-4.97266864776611,1.54342246055603,6.85651765591509
12.202002392,-4.59276294708252,-4.97771072387695,1.45595943927765,6.92754598884161
12.20675708,-4.89303255081177,-4.90159034729004,1.10184395313263,7.0129462833395
12.211511767,-5.24046087265015,-4.78471803665161,0.470106363296509,7.11174780492449
12.216266403,-5.43978881835938,-4.61494255065918,-0.137143611907959,7.13497060291908
12.221021142,-5.36476945877075,-4.44688558578491,-0.432852029800415,6.98161182238911
12.22577583,-5.13500595092773,-4.32782125473023,-0.558285474777222,6.73869465106597
12.230530517,-4.86275863647461,-4.19023847579956,-0.761910200119019,6.46413390901866
12.235285205,-4.66788673400879,-4.17232227325439,-1.18631076812744,6.37218745424247
12.24003984,-4.52698993682861,-4.21613025665283,-1.74647974967957,6.42803109398607
12.24479458,-4.38338947296143,-4.34746074676514,-2.20694136619568,6.55630295289642
12.249549267,-4.29951477050781,-4.44387674331665,-2.57186102867126,6.69689009334956
12.254303903,-4.45960187911987,-4.47872924804688,-2.96990633010864,6.98336653822348
12.259058642,-4.29950046539307,-4.84839487075806,-3.09756088256836,7.18244530058711
12.263813278,-4.03549575805664,-4.97358894348145,-3.58891487121582,7.34180651780256
12.268567965,-4.39912080764771,-4.6247410774231,-3.93547773361206,7.49856512309121
12.273322653,-5.0804500579834,-3.92656660079956,-4.09073638916016,7.6133450117394
12.27807734,-5.71292352676392,-3.05860614776611,-4.14900398254395,7.69459556032485
12.282832028,-6.33417415618897,-2.07108879089355,-4.144446849823,7.84777743770202
12.287586767,-6.84071826934814,-1.19581127166748,-4.3167667388916,8.17678825187746
12.292341403,-7.20764398574829,-0.666697502136231,-4.60435342788696,8.57873463125784
12.297096402,-7.5151686668396,-0.404400825500488,-4.80708360671997,8.93024932018749
12.30185109,-7.10970640182495,-0.501744270324707,-4.6457142829895,8.50778077010257
12.306605829,-6.42219066619873,-0.886683464050293,-3.88129067420959,7.55613378760175
12.311360465,-6.39157152175903,-1.04780387878418,-3.15978479385376,7.20654698379367
12.316115204,-6.58338928222656,-1.03128719329834,-2.80312705039978,7.22925231106784
12.32086984,-6.68630933761597,-0.718544006347656,-2.75595498085022,7.26762175018911
12.325624527,-6.61237049102783,-0.0365333557128906,-2.82780814170837,7.1917506271427
12.330379267,-5.25156211853027,-0.0448513031005859,-2.34632992744446,5.7520588012114
12.335133902,-4.0363335609436,0.0188436508178711,-2.30737018585205,4.64933337941417
12.33988859,-2.61944031715393,0.256305694580078,-2.06419038772583,3.34485308212265
12.344643277,-1.35861790180206,0.501308441162109,-1.84271907806396,2.34366515461111
12.349397965,-0.352880239486694,0.60919189453125,-1.89771592617035,2.02409608571909
12.354152652,0.227678298950195,0.511842727661133,-2.02625703811646,2.10226971870617
12.35890734,-0.281011343002319,0.712221145629883,-2.18158316612244,2.31204053724996
12.363662027,-1.0187656879425,-0.0792713165283203,-1.45386683940887,1.77704706051524
12.368416715,-2.17771577835083,-0.610832214355469,-1.19515609741211,2.55811651465564
12.373171402,-1.5491384267807,-2.66683435440063,0.136246681213379,3.08713435037766
12.37792609,-1.36653089523315,-4.0894923210144,2.2328462600708,4.8556108320555
12.382680777,-1.88623261451721,-4.99826335906982,2.96344995498657,6.10921809386425
12.387435465,-1.57378971576691,-5.81708240509033,2.42857360839844,6.49717104195931
12.392190152,-0.703206300735474,-6.17611312866211,0.993318200111389,6.294883122513
12.39694484,0.305808305740356,-6.12663984298706,-0.72671639919281,6.17716368654677
12.401699527,1.04615688323975,-5.81025886535645,-2.43800973892212,6.38728767113884
12.406454215,1.18903088569641,-5.42024803161621,-3.95291948318481,6.81310910025089
12.411208902,0.763354063034058,-5.18251514434814,-5.0433292388916,7.27161209490766
12.41596359,-0.183026313781738,-5.14585685729981,-5.68128967285156,7.66748940489687
12.420718277,-1.47827136516571,-5.170250415802,-6.23948287963867,8.23698501858986
12.425472965,-2.9583113193512,-4.75488424301148,-6.75539112091064,8.77472730192333
12.430227652,-4.12877035140991,-3.48279237747192,-6.42913389205933,8.39704412047978
12.43498234,-4.11791753768921,-2.5977201461792,-6.67250919342041,8.26001051702439
12.439736975,-4.06147146224976,-2.4373722076416,-6.35906171798706,7.92931268461658
12.444491715,-5.29660224914551,-1.88746786117554,-5.9236102104187,8.16735503315489
12.449246402,-7.13339805603027,0.18350887298584,-6.09321308135986,9.38329840658902
12.45400109,-7.70480918884277,3.2183198928833,-5.36876583099365,9.92699925040036
12.458755777,-5.96376276016235,6.89158535003662,-1.59457862377167,9.25219411187034
12.463510465,-0.96609628200531,10.9429569244385,4.31124305725098,11.8012060813679
12.468265152,7.04000091552734,14.602725982666,10.3358201980591,19.2257743194406
12.47301984,14.5749845504761,17.2787208557129,12.063138961792,25.6223279712786
12.477774527,15.4918212890625,18.1177349090576,4.57426261901856,24.2728804140523
12.482529215,10.3381938934326,14.9004402160645,-4.77487325668335,18.7536872701906
12.487283902,4.99466896057129,8.05500030517578,-6.9721999168396,11.7661089414663
12.49203859,1.22526073455811,2.51098442077637,-5.27029800415039,5.96509410500648
12.496793277,-2.8034291267395,-0.119663238525391,-3.927001953125,4.82647682053414
12.501547965,-8.94524192810059,-0.716912269592285,-1.62695932388306,9.12021452577244
12.506302652,-15.1080989837646,-1.26675510406494,1.28683876991272,15.2156260934822
12.51105734,-19.0889778137207,-2.68577241897583,0.517219305038452,19.2839301821168
12.515812027,-20.7660217285156,-4.27273654937744,-2.47459840774536,21.3449659950346
12.520566715,-20.6737003326416,-5.17495107650757,-3.12078261375427,21.5388320994993
12.525321402,-18.5311965942383,-4.6865086555481,0.4590163230896,19.1201283096557
12.53007609,-14.6429586410522,-3.30902194976807,1.46602714061737,15.0836036677128
12.534830777,-11.1765117645264,-2.03582334518433,-3.6326003074646,11.927060698646
12.539585465,-8.8558349609375,-0.47313404083252,-8.41001415252686,12.2220295663879
12.544340152,-6.55825328826904,1.02689170837402,-8.66435623168945,10.9149558718043
12.54909484,-4.14425754547119,2.07941913604736,-8.51338291168213,9.69414994455296
12.553849527,-1.31196939945221,2.65391159057617,-10.3396234512329,10.7551068590219
12.558604215,2.2124514579773,2.64788436889648,-11.0760746002197,11.6011060522083
12.563358902,5.10568523406982,1.97072982788086,-10.4752998352051,11.8187860798538
12.56811359,5.89892959594727,0.835633277893066,-9.57314109802246,11.2756677778175
12.572868277,4.48354911804199,-0.0447301864624023,-7.70114135742188,8.9113294008509
12.577622965,1.95847225189209,-0.376496315002441,-5.76775693893433,6.10281763968634
12.582377652,-0.756488025188446,-0.293910026550293,-4.68115282058716,4.75098399972589
12.58713234,-3.20325922966003,-0.0316762924194336,-3.53933095932007,4.7737549915664
12.591887027,-5.24863338470459,0.412300109863281,-1.77143883705139,5.55483027112826
12.596641715,-6.99055290222168,1.03308391571045,-0.612596273422241,7.09298008243858
12.601396454,-8.21885776519775,1.80654716491699,-0.167002439498901,8.41671702259376
12.60615109,-8.84583854675293,2.53872776031494,0.317611455917358,9.20841328748572
12.610905777,-8.8890552520752,2.93076229095459,0.555662930011749,9.37621630362249
12.615660465,-8.27553176879883,2.78459739685059,0.334292888641357,8.73785788705343
12.620415152,-6.92723846435547,2.12471675872803,0.0721793174743652,7.24612061041884
12.62516984,-5.29604196548462,1.27437782287598,-0.182344913482666,5.45026137016247
12.629924527,-3.81160306930542,0.49915599822998,-0.536029696464539,3.88134029737143
12.634679215,-2.47091555595398,-0.0265445709228516,-0.842507719993591,2.61073697586518
12.639433902,-1.37677407264709,-0.200230598449707,-1.29723036289215,1.90221075437978
12.64418859,-0.407725602388382,-0.19200325012207,-1.82085752487183,1.87580050665916
12.648943277,0.754194140434265,0.0289459228515625,-1.99994778633118,2.13762433929961
12.653697965,1.34001958370209,0.467156410217285,-2.03557229042053,2.48141938128969
12.658452652,1.2625869512558,0.802112579345703,-2.16720151901245,2.63330074686427
12.66320734,0.990979075431824,0.849782943725586,-1.73602747917175,2.17208701203015
12.667962027,0.496591985225678,0.844661712646484,-1.0128870010376,1.40925408832907
12.672716715,0.0376342535018921,0.586212158203125,-0.754802107810974,0.956445112600666
12.677471402,-0.196776390075684,0.227762222290039,-0.535490274429321,0.614285285190932
12.68222609,-0.258558392524719,-0.0202789306640625,0.0175738334655762,0.259947142697358
12.686980777,-0.35029411315918,-0.0600481033325195,0.414014458656311,0.545636978589508
12.691735517,-0.359546482563019,-0.0375137329101563,0.515666723251343,0.629756399530065
12.696490152,-0.112715721130371,-0.0268573760986328,0.497454166412354,0.510770790200313
12.701244892,0.255438923835754,0.0244846343994141,0.256901144981384,0.363107063308864
12.705999579,0.617948591709137,0.140399932861328,-0.09549880027771,0.640853043994685
12.710754267,0.924873352050781,0.325535774230957,-0.31620466709137,1.03021825315229
12.715508902,1.15988826751709,0.433990478515625,-0.267157316207886,1.26691024155992
12.72026359,1.1848132610321,0.473067283630371,-0.166089773178101,1.28653057915982
12.725018277,1.07885527610779,0.435694694519043,-0.0202223062515259,1.16368703494014
12.729773017,0.829897165298462,0.274143218994141,0.0962916612625122,0.879292837182009
12.734527652,0.593220889568329,0.0292234420776367,0.188523173332214,0.623142054647536
12.739282392,0.375908970832825,-0.0909957885742188,0.326176524162293,0.505943586583951
12.744037079,0.139938473701477,-0.172632217407227,0.42572546005249,0.480236219214815
12.748791767,0.0693832635879517,-0.206231117248535,0.57772171497345,0.61733920249694
12.753546454,0.09272301197052,-0.189475059509277,0.829649209976196,0.856046825085553
12.758301142,0.186010360717773,-0.14627742767334,0.863721251487732,0.895550858640993
12.763055725,0.28693699836731,-0.136384010314941,0.675574064254761,0.746547892365469
12.767810517,0.564839780330658,-0.0522632598876953,0.513957738876343,0.765459328200367
12.772565204,0.96694952249527,0.058197021484375,0.47676694393158,1.07966892665731
12.777319892,1.32116162776947,0.125666618347168,0.372629046440125,1.37844570147256
12.782074527,1.56074178218842,0.195662498474121,0.180316209793091,1.58326013639324
12.786829215,1.63819539546967,0.217999458312988,0.255864977836609,1.67232616568841
12.791583954,1.58712601661682,0.230954170227051,0.434008598327637,1.66152709420869
12.796338642,1.41485774517059,0.165271759033203,0.712319135665894,1.59265054058916
12.801093329,1.24087047576904,0.0855817794799805,0.968930244445801,1.57667675736533
12.805848017,1.03151869773865,-0.0486812591552734,1.06074404716492,1.48039812968444
12.810602704,0.901453495025635,-0.10606861114502,1.08816480636597,1.41702914570507
12.815357392,0.836482584476471,-0.170284271240234,1.10140192508698,1.39347983399458
12.820112079,0.863180458545685,-0.152860641479492,1.10038661956787,1.40687511608268
12.824866767,0.986498057842255,-0.0825433731079102,1.14479064941406,1.51345216559905
12.829621454,1.2349636554718,-0.00718784332275391,1.0624772310257,1.62912392465274
12.834376142,1.55578327178955,0.0684223175048828,0.96831750869751,1.83378897367257
12.839130829,1.90120983123779,0.144330024719238,0.931651711463928,2.12212273205495
12.843885517,2.24486827850342,0.194282531738281,0.890402913093567,2.42280759401465
12.848640204,2.48888659477234,0.227961540222168,0.892589807510376,2.65391023019418
12.85339484,2.75050497055054,0.271725654602051,0.871379137039185,2.89800172961634
12.858149579,2.93641209602356,0.34229850769043,0.853100180625916,3.07692446839771
12.862904267,3.12090253829956,0.44443416595459,0.964278697967529,3.29657212704141
12.867658954,3.23726987838745,0.580514907836914,1.06844234466553,3.45810394112293
12.872413642,3.31447315216064,0.72425651550293,1.23721826076508,3.61123092607115
12.877168329,3.31454205513001,0.832729339599609,1.54228818416595,3.7494372952849
12.881923017,3.21148467063904,1.00639820098877,1.80181908607483,3.81746292027133
12.886677704,3.0940523147583,1.18307209014893,2.03954315185547,3.89005855550159
12.891432392,3.09117794036865,1.31977081298828,2.33919477462769,4.09499795500352
12.896187027,3.22188496589661,1.49313735961914,2.4572172164917,4.31832355864914
12.900941767,3.52682971954346,1.63864517211914,2.55136370658875,4.65114422847353
12.905696454,4.00131464004517,1.77549743652344,2.6931095123291,5.13962535999839
12.910451142,4.58808326721191,1.7938871383667,2.77954816818237,5.65636165315774
12.915205829,5.33989143371582,1.6510534286499,3.1332106590271,6.40760696219495
12.919960517,6.2446813583374,1.37606048583984,3.57722640037537,7.32708239665687
12.924715204,7.07780742645264,0.998005867004395,3.85624361038208,8.12169861907815
12.929469892,7.67465877532959,0.670145988464356,3.8726544380188,8.62246689526292
12.934224579,7.93779277801514,0.50255012512207,3.88497853279114,8.85178902907302
12.938979267,8.02011871337891,0.648158073425293,3.8604462146759,8.9244304043027
12.943733954,8.0649299621582,1.08049392700195,3.62041187286377,8.90606223591426
12.948488642,7.89772701263428,1.54086780548096,3.30501174926758,8.69893489013785
12.953243329,7.42542266845703,1.90743732452393,3.24406719207764,8.32461355853454
12.957998017,6.57668018341064,2.42180633544922,3.14338159561157,7.68106216723428
12.962752704,5.63827610015869,2.93793201446533,2.72797250747681,6.91834054559259
12.967507392,5.0471715927124,3.32406711578369,2.5923752784729,6.57599976132565
12.972262079,4.74110317230225,3.61837005615234,2.47205710411072,6.45613874383587
12.977016767,4.51678419113159,3.92350482940674,2.10066485404968,6.34097960923025
12.981771454,4.47660493850708,4.12705993652344,2.33614802360535,6.52151846453861
12.986526142,4.44578790664673,4.23888397216797,2.61653280258179,6.67678151113059
12.991280829,4.43109750747681,4.44556427001953,2.63874626159668,6.80886544387036
12.996035517,4.86698484420776,4.69449806213379,2.70473551750183,7.28295597602799
13.000790204,5.63094425201416,5.11691379547119,2.97165703773499,8.16829758943041
13.005544892,6.41939687728882,5.65270233154297,2.83610916137695,9.01139362653874
13.010299527,7.18908071517944,6.34232902526856,2.79091930389404,9.98485100314358
13.015054267,8.05422592163086,7.04234504699707,2.93956732749939,11.0953249177542
13.019808954,8.97869300842285,7.70531463623047,3.03918552398682,12.2157869346195
13.024563642,10.1436023712158,8.24806118011475,3.62904119491577,13.5680920652333
13.029318329,11.443305015564,8.66400527954102,4.09813117980957,14.9267845274886
13.034073017,12.2761287689209,8.91569042205811,3.89745092391968,15.6647054539008
13.038827704,12.5565252304077,8.91749000549316,3.47983860969543,15.7891491414029
13.043582392,12.7859973907471,8.64115524291992,2.77781176567078,15.680163628417
13.048337079,13.1619262695313,8.34502983093262,2.33770942687988,15.7588296319319
13.053091767,13.3163003921509,8.08378028869629,2.0456109046936,15.7116480314229
13.057846454,12.9322156906128,7.89995861053467,0.723368167877197,15.1715131158033
13.062601142,12.0393915176392,7.67852449417114,-1.33287262916565,14.3416608511067
13.067355829,10.8035011291504,7.63232421875,-3.09255075454712,13.5842511680667
13.072110517,9.04075622558594,7.88303327560425,-3.1651816368103,12.4054770786438
13.076865204,7.08322715759277,8.37967872619629,-1.82283711433411,11.1226731348952
13.081619892,5.36011028289795,8.8226900100708,-0.92572283744812,10.3647288450014
13.086374579,3.93591094017029,9.10408782958984,-0.84585165977478,9.9544600641211
13.091129267,2.75761532783508,9.2948112487793,-1.43866944313049,9.8014146026654
13.095883954,1.76069450378418,9.28058815002441,-2.68672108650208,9.82078569884733
13.100638642,0.910040855407715,9.08996200561523,-3.75030326843262,9.8752396541682
13.105393329,0.362617015838623,8.72079563140869,-4.32630348205566,9.74169745803161
13.110148017,0.197511196136475,8.24154472351074,-4.03492736816406,9.17838269896099
13.114902704,0.251039028167725,7.44919919967651,-2.60913324356079,7.89690860987885
13.119657392,0.0137505531311035,6.44284915924072,-1.18935990333557,6.55172277695742
13.124412079,-0.832472801208496,5.35914421081543,-1.34745144844055,5.58829697161604
13.129166767,-2.12174463272095,4.32737302780151,-1.68304419517517,5.10495792060395
13.133921454,-3.14244842529297,3.33688497543335,-1.32871699333191,4.77234452793049
13.138676142,-3.51722240447998,2.38005638122559,-1.00603699684143,4.3643593183195
13.143430829,-3.4023756980896,1.685387134552,-0.794956207275391,3.87925837702901
13.148185517,-2.68083906173706,1.38717031478882,-0.574769496917725,3.07270231746481
13.152940204,-1.7498927116394,1.58073568344116,-0.193981885910034,2.36611047400879
13.157694892,-1.29681396484375,2.39104175567627,0.362769603729248,2.7441590555562
13.162449579,-1.56834697723389,3.57059049606323,0.777465105056763,3.97659159597219
13.167204267,-1.95768213272095,4.48150682449341,0.949609041213989,4.98178482894546
13.171958954,-2.19637870788574,4.69728755950928,0.859364032745361,5.25614843644572
13.176713642,-1.82715272903442,4.48181676864624,0.541301488876343,4.87013099873056
13.181468329,-0.518671989440918,3.36938190460205,-0.0983986854553223,3.41048931283909
13.186223069,0.532739639282227,1.93405485153198,-0.63782000541687,2.10504015432175
13.190977704,1.52828502655029,0.46088981628418,-0.870300769805908,1.81810285051673
13.195732444,2.24890470504761,-0.848846435546875,-0.891194105148315,2.563657460851
13.200487079,2.40425968170166,-1.74457550048828,-0.727627754211426,3.05834112594702
13.205241819,2.17703771591187,-2.23759841918945,-0.539072275161743,3.16811281679014
13.209996454,1.83567237854004,-2.44500684738159,-0.57428765296936,3.11087734786037
13.214751194,1.32866430282593,-2.40989303588867,-0.54799222946167,2.8059274327001
13.219505881,0.731879234313965,-2.21390342712402,-0.654981136322022,2.42198593868527
13.224260569,-0.0442075729370117,-2.05102968215942,-0.599386215209961,2.13727417557685
13.229015256,-1.02762937545776,-1.72330665588379,-0.438346385955811,2.053766178901
13.233769944,-1.48446130752563,-1.54924631118774,-0.364701986312866,2.17641839844505
13.238524631,-2.17494487762451,-1.50732469558716,0.0909378528594971,2.64776937283343
13.243279319,-2.49188947677612,-1.74313545227051,0.769791603088379,3.13697521214549
13.248034006,-2.92039060592651,-2.27980756759644,2.08902359008789,4.2532603254912
13.252788694,-3.24429512023926,-2.73151779174805,2.64421439170837,4.99785054029851
13.257543381,-3.46621084213257,-3.2555193901062,2.52044248580933,5.3819749558826
13.262298069,-3.56762790679932,-3.80156850814819,1.9885288476944,5.57979739610948
13.267052756,-3.47056722640991,-4.27668952941895,1.62942612171173,5.74368694221654
13.271807444,-3.24985694885254,-4.67835521697998,1.56499087810516,5.90743380604483
13.276562131,-3.03037691116333,-4.91046142578125,1.50418674945831,5.96308589700361
13.281316819,-2.78394794464111,-5.04897117614746,1.25698590278625,5.90105835048619
13.286071506,-2.54674959182739,-5.15551424026489,0.929412603378296,5.82486638064475
13.290826194,-2.38570594787598,-5.18168926239014,0.61989688873291,5.73809799797466
13.295580881,-2.37478685379028,-5.19386720657349,0.283343315124512,5.71805496604224
13.300335569,-2.41574287414551,-5.17229747772217,0.00853085517883301,5.70863798182421
13.305090256,-2.51084232330322,-5.14520263671875,-0.123306751251221,5.72648617393707
13.309844944,-2.63336563110352,-5.07617521286011,-0.224794149398804,5.72299761910981
13.314599631,-2.81874847412109,-5.01028680801392,-0.306101560592651,5.7569101976942
13.319354319,-3.16949844360352,-4.91859674453735,-0.449115753173828,5.86856194302552
13.324109006,-3.6020302772522,-4.8320484161377,-0.678064346313477,6.06490603982303
13.328863694,-3.95901250839233,-4.75045776367188,-1.00495314598084,6.26502672234158
13.333618381,-4.20506381988525,-4.74037504196167,-1.43198370933533,6.4964832495407
13.338373069,-4.41922569274902,-4.77970266342163,-1.84902811050415,6.76712776793873
13.343127756,-4.76878070831299,-4.82711219787598,-2.3965528011322,7.19623144037737
13.347882444,-5.19142436981201,-4.74576139450073,-3.1167631149292,7.69333156152747
13.352637131,-5.49844932556152,-4.63573360443115,-3.64364981651306,8.06220534484181
13.357391819,-5.68485832214356,-4.6064829826355,-3.76500844955444,8.22876590002241
13.362146506,-5.79306030273438,-4.6573338508606,-3.78273010253906,8.34022501483887
13.366901194,-5.91110229492188,-4.6992769241333,-3.76398229598999,8.4375290621869
13.371655881,-6.12451076507568,-4.62425184249878,-3.86386489868164,8.59201892279372
13.376410569,-6.53601837158203,-4.48456764221191,-4.23958396911621,8.98915765366361
13.381165256,-7.0236964225769,-4.30383920669556,-4.56331586837769,9.41696315529572
13.385919944,-7.48730850219727,-4.24182796478272,-4.56976366043091,9.74349182798872
13.390674631,-7.84534502029419,-4.03745126724243,-4.41454458236694,9.86603542931596
13.395429319,-8.48697566986084,-3.28416395187378,-4.86452388763428,10.318821712626
13.400184006,-7.95433139801025,-3.32762384414673,-4.68395090103149,9.81243417714378
13.404938694,-7.31256628036499,-3.72189474105835,-4.4303469657898,9.32491824658703
13.409693381,-8.26013851165772,-3.18785572052002,-4.28728914260864,9.8373350313463
13.414448017,-7.82485198974609,-3.55460166931152,-3.42412519454956,9.25138557389404
13.419202756,-7.97738170623779,-3.09107446670532,-3.42129993438721,9.21404653161535
13.423957392,-8.07708740234375,-2.27910470962524,-3.80546092987061,9.21494395378006
13.428712131,-7.83438873291016,-1.59517860412598,-3.97121667861938,8.92708258648679
13.433466819,-7.53351068496704,-0.994284629821777,-3.79938769340515,8.49574787822773
13.438221506,-7.39193344116211,-0.252215385437012,-3.38756728172302,8.13510323766221
13.442976194,-7.28062391281128,0.699573516845703,-3.04239797592163,7.92168372943299
13.447730881,-6.99924945831299,1.57824420928955,-2.79526805877686,7.70025137799207
13.452485569,-6.56719875335693,2.13706684112549,-2.42726612091064,7.32029883073441
13.457240256,-6.26863527297974,2.35896587371826,-2.12466621398926,7.02671436020282
13.461994944,-6.26011753082275,2.35336399078369,-1.88288021087646,6.94785085197876
13.466749631,-6.08322811126709,1.90426254272461,-3.10493087768555,7.09030858570622
13.471504319,-4.4803147315979,0.56587028503418,-4.19172382354736,6.16149153099737
13.476259058,-1.56101131439209,-1.59172248840332,-1.28234791755676,2.57191620886279
13.481013694,1.06513047218323,-3.88490629196167,3.3246865272522,5.22307766786872
13.485768381,3.55291223526001,-5.91321325302124,5.76147842407227,8.98798698030969
13.490523121,6.3337574005127,-7.67861318588257,6.16820859909058,11.7100119807306
13.495277756,9.94538497924805,-9.12095451354981,6.14732551574707,14.8287593756272
13.500032496,14.0473146438599,-9.87882614135742,5.86152505874634,18.1459563167411
13.504787183,16.3471336364746,-9.39153003692627,2.77421045303345,19.055861518204
13.509541871,14.8631896972656,-7.38264179229736,-2.29639029502869,16.753841833961
13.514296558,10.3441219329834,-4.75301074981689,-6.3620662689209,13.0410067465071
13.519051246,6.11151313781738,-3.17074346542358,-8.20047283172607,10.7075656253473
13.523805933,3.02521276473999,-2.82202482223511,-8.80272006988525,9.72643907080168
13.528560621,0.811054229736328,-2.89821290969849,-9.18764019012451,9.66799768807933
13.533315308,-0.410480260848999,-2.61834287643433,-8.16954612731934,8.58869590738428
13.538069996,-0.852087736129761,-3.0564432144165,-8.56626701354981,9.13503306947747
13.542824631,-2.51569128036499,-3.40415287017822,-7.37610244750977,8.50434281398667
13.547579371,-4.71655225753784,-2.4674654006958,-5.64608955383301,7.7596764076615
13.552334058,-7.27224063873291,0.715940475463867,-3.23950386047363,7.99327466899952
13.557088746,-10.465950012207,5.35165214538574,-3.08397221565247,12.1526612299588
13.561843433,-13.0556898117065,10.3849849700928,-2.00064420700073,16.8018310469888
13.566598121,-12.920147895813,13.9713726043701,-2.08892321586609,19.1440088357065
13.571352808,-7.60676574707031,14.2531490325928,-2.89143896102905,16.4126646752275
13.576107496,2.08673405647278,12.1832914352417,-2.05941224098206,12.5310904552151
13.580862183,9.69381904602051,11.2504758834839,2.43523359298706,15.0490430909827
13.585616871,10.6520223617554,11.857102394104,3.56041097640991,16.3319620346284
13.590371558,6.20934677124023,11.9838809967041,0.80041640996933,13.5207269589333
13.595126246,0.962501525878906,9.57747936248779,-4.33561182022095,10.5570852976491
13.599880933,-3.41517114639282,5.1005744934082,-7.31927585601807,9.55254171299186
13.604635621,-7.35059261322022,0.605171203613281,-3.89689636230469,8.34165722202452
13.609390308,-10.8954524993896,-2.98071479797363,0.673513650894165,11.3158811637122
13.614144996,-13.2132663726807,-5.11652803421021,2.93809986114502,14.4707186467823
13.618899683,-14.0643920898438,-5.79690074920654,3.37287139892578,15.581638059803
13.623654371,-14.5182762145996,-5.67707967758179,2.53746271133423,15.7939322184323
13.628409058,-15.0712060928345,-5.14614057540894,0.498558878898621,15.9333793298939
13.633163746,-15.0579242706299,-4.03039026260376,-1.21256816387177,15.6350711722381
13.637918433,-14.3532934188843,-2.09387445449829,-1.81901478767395,14.6188288517776
13.642673121,-13.145751953125,0.148808479309082,-2.04393458366394,13.3045333236045
13.647427808,-11.8083333969116,2.06159496307373,-3.71305799484253,12.5488529785576
13.652182704,-10.7188186645508,3.39365768432617,-7.64104652404785,13.5939537304116
13.656937183,-10.1583194732666,4.32439136505127,-10.5045614242554,15.2393446681618
13.661691871,-9.9008092880249,4.61956787109375,-9.55564594268799,14.5147098233306
13.666446558,-9.49130821228027,3.87353420257568,-6.43441534042358,12.1033424958604
13.671201246,-8.52578067779541,2.29793262481689,-4.50079154968262,9.91093109085932
13.675955933,-6.73275804519653,0.460109710693359,-3.21637439727783,7.47574719372568
13.680710621,-4.43651580810547,-1.00418567657471,-1.99056839942932,4.96522143931307
13.685465308,-2.13201260566711,-1.79456901550293,-1.70379042625427,3.26632171084269
13.690219996,-0.4715935587883,-1.70175743103027,-2.22518062591553,2.84074068804373
13.694974683,1.00681805610657,-0.977753639221191,-3.03523755073547,3.34400235743146
13.699729371,2.46943020820618,0.0946836471557617,-3.85986995697022,4.58319175149384
13.704484058,3.69540643692017,1.19002151489258,-4.44738149642944,5.9035059172259
13.709238746,4.40977811813355,1.94010639190674,-4.70579195022583,6.73458489751945
13.713993433,4.25453805923462,2.15410327911377,-4.33478546142578,6.44450308644141
13.718748121,3.15386080741882,1.77776622772217,-3.51099681854248,5.04325186886571
13.723502808,1.42613255977631,1.03895378112793,-2.97679591178894,3.4604324784364
13.728257496,-0.526586651802063,0.30853271484375,-2.57586002349854,2.6471760044702
13.733012183,-2.36422967910767,-0.203295707702637,-1.72997379302979,2.93661717711276
13.737766871,-3.80170106887817,-0.568466186523438,-0.646921396255493,3.89802412964095
13.742521558,-4.79339599609375,-0.775090217590332,0.119871258735657,4.85713692821632
13.747276298,-5.48048162460327,-0.61784553527832,0.398880004882813,5.52960371106039
13.752030985,-5.72980642318726,-0.233534812927246,0.38551276922226,5.74750730763175
13.756785673,-5.1365909576416,0.140878677368164,0.222729206085205,5.14334733098065
13.761540308,-3.78849101066589,0.357192039489746,-0.0440603494644165,3.80554747774431
13.766295048,-2.10921216011047,0.410823822021484,-0.397705316543579,2.18534246009756
13.771049683,-0.471138447523117,0.431027412414551,-0.778066873550415,1.00655060811854
13.775804423,0.725018382072449,0.420229911804199,-1.08710539340973,1.37260444757346
13.78055911,1.37486493587494,0.402339935302734,-1.21032977104187,1.87537440798046
13.785313798,1.55772519111633,0.41560173034668,-1.18129825592041,1.99867409518065
13.790068485,1.53186094760895,0.400289535522461,-1.05946576595306,1.90507149059679
13.794823173,1.3714497089386,0.368395805358887,-0.9594886302948,1.71382852269963
13.79957786,1.12205278873444,0.355768203735352,-0.594645142555237,1.31877834417325
13.804332548,0.841536521911621,0.314641952514648,-0.146580576896667,0.910312661406343
13.809087235,0.463513195514679,0.171035766601563,0.145898103713989,0.515154319151603
13.813841923,0.0624753832817078,0.0278034210205078,0.404588580131531,0.410326848877194
13.81859661,-0.246752470731735,-0.10313606262207,0.665133774280548,0.71688685781934
13.823351298,-0.349630475044251,-0.181121826171875,0.891983389854431,0.975028693306872
13.828105985,-0.322841048240662,-0.110603332519531,0.910908758640289,0.972735424543153
13.832860673,-0.164090692996979,0.0651960372924805,0.951333940029144,0.967580768855111
13.83761536,0.128820180892944,0.28162956237793,0.759931802749634,0.820613303719105
13.842370048,0.507902979850769,0.428716659545898,0.403848171234131,0.777725373459447
13.847124735,0.958694696426392,0.523223876953125,0.164963483810425,1.10456855711215
13.851879423,1.37346768379211,0.558064460754395,-0.0451681613922119,1.48320247558515
13.85663411,1.72361087799072,0.633681297302246,-0.181154251098633,1.84531929702415
13.861388798,1.87301230430603,0.704620361328125,-0.126031041145325,2.00513061145955
13.866143485,1.95338129997253,0.701609611511231,-0.032890796661377,2.07582185038898
13.870898173,1.85727953910828,0.648686408996582,0.0124260187149048,1.96734230614508
13.87565286,1.6782534122467,0.562644958496094,0.258412599563599,1.7888211024728
13.880407548,1.51654005050659,0.40291690826416,0.528141021728516,1.65564751640804
13.885162235,1.35319495201111,0.250872611999512,0.587420225143433,1.49637434036653
13.889916923,1.30776715278625,0.147126197814941,0.661065220832825,1.47272138240229
13.89467161,1.34913110733032,0.0844526290893555,0.737026691436768,1.53964130082843
13.899426298,1.41761660575867,0.122603416442871,0.743765115737915,1.60556998789677
13.904180985,1.34862017631531,0.309277534484863,0.72429347038269,1.56173941633704
13.908935673,1.17809212207794,0.539170265197754,0.602227091789246,1.42873478751672
13.91369036,1.034703373909,0.678310394287109,0.379841327667236,1.29421617096241
13.918444996,1.08280289173126,0.576172828674316,0.19329297542572,1.24169215395487
13.923199735,1.28392910957336,0.395556449890137,0.303016304969788,1.37722828337828
13.927954423,1.27260398864746,0.253724098205566,0.297752022743225,1.33137263640926
13.93270911,1.0230621099472,0.188920974731445,0.151430249214172,1.05132218462285
13.937463798,0.69299840927124,0.236913681030273,0.220509886741638,0.764852598650612
13.942218485,0.368248105049133,0.35692024230957,0.311252951622009,0.599897596374592
13.946973173,0.151290059089661,0.536870956420898,0.256391525268555,0.613885754890256
13.95172786,0.0968700647354126,0.776616096496582,0.18964672088623,0.805283955833178
13.956482548,0.109453558921814,0.947018623352051,0.294750094413757,0.997848672241028
13.961237235,0.167545080184937,1.01709270477295,0.590504288673401,1.18795801227914
13.965991923,0.21401834487915,0.927267074584961,0.880674600601196,1.29661707211429
13.97074661,0.299264073371887,0.81158447265625,0.981205701828003,1.30804929997598
13.975501298,0.578674554824829,0.643807411193848,1.21487593650818,1.49173582252906
13.980255985,1.04985964298248,0.543587684631348,1.49329340457916,1.90463068152485
13.985010673,1.57193207740784,0.582671165466309,1.57052385807037,2.29717681770861
13.98976536,2.10910701751709,0.739441871643066,1.66672492027283,2.78802414852119
13.994520048,2.72368383407593,0.85853385925293,1.81787312030792,3.38529122780129
13.999274735,3.29867601394653,0.954405784606934,1.92831134796143,3.93834210059946
14.004029423,3.80334806442261,1.0104866027832,2.1248619556427,4.47231237774032
14.00878411,4.32894992828369,1.06753540039063,2.35944938659668,5.04444652272041
14.013538798,4.97625064849854,1.11134243011475,2.60802888870239,5.72712556156766
14.018293485,5.73834037780762,1.05131816864014,2.80380201339722,6.47264442972271
14.023048173,6.49359703063965,0.909268379211426,2.98504948616028,7.20444944576555
14.027802913,7.20649242401123,0.769159317016602,3.07554268836975,7.87299828148523
14.0325576,7.80545377731323,0.616852760314941,3.23580455780029,8.47207454723828
14.037312288,8.1258659362793,0.545748710632324,2.81114673614502,8.61568829761615
14.042066975,8.30156993865967,0.620395660400391,2.9281485080719,8.82468174537899
14.046821663,8.29671955108643,0.783344268798828,2.96487092971802,8.84531758518182
14.05157635,8.12568092346191,1.03950500488281,2.5779025554657,8.58794752607198
14.056331038,7.94595718383789,1.36009502410889,2.48463916778564,8.43572912296769
14.061085725,7.62375068664551,1.70686435699463,2.62231469154358,8.24084308834914
14.065840413,7.25968408584595,1.97468662261963,2.63175582885742,7.97047922188891
14.0705951,6.93273448944092,2.13736724853516,2.72995042800903,7.75137249753752
14.075349788,6.61659622192383,2.33126068115234,2.85653638839722,7.57455754917084
14.080104475,6.38283538818359,2.50622081756592,2.79388189315796,7.40455983917785
14.084859163,6.34342098236084,2.76027870178223,2.76912426948547,7.45158892390219
14.08961385,6.54111194610596,3.10050964355469,2.92512583732605,7.80741101168999
14.094368538,6.74892663955689,3.46013164520264,3.13480401039124,8.2065533552045
14.099123225,6.73510789871216,3.93239498138428,3.15876817703247,8.41446522918386
14.103877913,6.54263687133789,4.49322605133057,3.07109045982361,8.51039212909519
14.1086326,6.53891563415527,5.16632270812988,3.38604736328125,8.99520009457948
14.113387235,6.89538860321045,5.9753999710083,4.17961025238037,10.0359817987387
14.118141975,7.42797183990479,6.82945537567139,4.67354440689087,11.120172827159
14.122896871,7.95488262176514,7.66380882263184,4.85072994232178,12.0641495418968
14.12765135,8.65948390960693,8.40171909332275,5.18926906585693,13.1340800493108
14.132406038,9.56977939605713,8.81853294372559,5.13458633422852,13.989681118325
14.137160725,10.6804790496826,8.98412132263184,4.54205417633057,14.6771020576679
14.141915413,11.8310995101929,8.94925308227539,3.89336609840393,15.3369601266647
14.1466701,12.5800514221191,8.79101753234863,3.12623715400696,15.6624724031781
14.151424788,12.8730564117432,8.57211589813232,2.24834394454956,15.6285572860686
14.156179475,12.8248081207275,8.38162994384766,1.26430106163025,15.3728943606441
14.160934163,12.4375038146973,8.39915084838867,0.422087907791138,15.0138400922782
14.16568885,11.8516159057617,8.67901992797852,-0.419074535369873,14.6956391475209
14.170443433,11.2381315231323,8.95680046081543,-1.44886827468872,14.4436523740875
14.175198225,10.6890230178833,9.27902412414551,-2.57689380645752,14.3873515096793
14.179952913,9.82590198516846,9.66378784179688,-4.13811588287354,14.3896194645129
14.1847076,8.74891757965088,10.0932674407959,-5.67634057998657,14.5133886059375
14.189462288,7.78220462799072,10.6116371154785,-6.35500717163086,14.613543967635
14.194216975,6.89334154129028,11.0075492858887,-6.28624153137207,14.4291763963469
14.198971663,6.00000619888306,11.2922325134277,-5.24040460586548,13.8194222005526
14.20372635,4.79791736602783,11.2376728057861,-4.49438571929932,13.0194010666765
14.208481038,3.2742908000946,10.582878112793,-3.99104619026184,11.7748349919063
14.213235725,1.0890998840332,9.89695644378662,-4.53013753890991,10.9388313602986
14.217990413,-0.755291938781738,9.04327964782715,-6.27774047851563,11.0345547357919
14.2227451,-1.1857852935791,7.620192527771,-7.59884309768677,10.8266263141399
14.227499788,-0.197299957275391,5.92516088485718,-7.07310676574707,9.22904643526293
14.232254475,0.433441638946533,4.47349309921265,-5.54084634780884,7.13449300322752
14.237009163,-0.612566947937012,3.41147041320801,-4.42523288726807,5.62103680404757
14.24176385,-2.96734619140625,2.63868999481201,-3.35462951660156,5.19820810491737
14.246518538,-5.18810081481934,1.95207023620605,-2.59124064445496,6.1189456893558
14.251273225,-6.15042972564697,1.272545337677,-2.55110144615173,6.77903208689285
14.256027913,-5.90406942367554,0.738554954528809,-2.36524534225464,6.40295905886464
14.2607826,-5.38644599914551,0.591334819793701,-1.64295029640198,5.66239905404577
14.265537288,-5.13549900054932,0.882542133331299,-1.04204106330872,5.31395146565807
14.270291975,-5.46341705322266,1.70012092590332,-0.200610160827637,5.72534553514159
14.275046663,-5.92448425292969,2.59537696838379,1.23107194900513,6.58415016648741
14.27980135,-5.85686492919922,3.26113557815552,2.10055899620056,7.02497118531561
14.284556038,-4.89833784103394,3.16721773147583,2.29088616371155,6.26682863804053
14.289310725,-3.80175065994263,2.46710348129272,1.93628811836243,4.92839926802734
14.294065413,-2.74752998352051,1.39183807373047,1.36532783508301,3.36901385142335
14.2988201,-1.58600807189941,0.118583679199219,0.833813667297363,1.79575302446478
14.303574788,-0.740537166595459,-1.18452787399292,0.544588804244995,1.49935937822939
14.308329475,-0.234496593475342,-2.45739126205444,0.163958311080933,2.47399328918766
14.313084163,0.118854522705078,-3.54008555412293,-0.330932140350342,3.55750589733793
14.31783885,0.463169574737549,-4.41200542449951,-0.799084186553955,4.50764389209887
14.32259359,0.553093910217285,-5.05580043792725,-0.478656768798828,5.10843843498008
14.327348277,0.39728832244873,-5.23736000061035,-0.21170973777771,5.25667183683909
14.332102965,-0.168637275695801,-5.09424352645874,0.138263463973999,5.09890894438124
14.336857652,-0.442086219787598,-4.8005223274231,0.360752105712891,4.834314524686
14.34161234,-0.629358768463135,-4.62795734405518,0.539280414581299,4.70158537127495
14.346367027,-0.795549392700195,-4.59394836425781,0.787068605422974,4.72829117116693
14.351121715,-0.859775066375732,-4.75813341140747,0.995869874954224,4.9366794035419
14.355876402,-0.913047790527344,-5.04315614700317,1.27334547042847,5.28095529974487
14.36063109,-0.904938220977783,-5.34984588623047,1.60768938064575,5.65901310608525
14.365385777,-0.923335552215576,-5.58859586715698,1.94381523132324,5.98860333983756
14.370140465,-1.0847225189209,-5.67493963241577,2.11174058914185,6.15150478260779
14.374895152,-1.44352293014526,-5.54870462417603,2.06108474731445,6.09261452841224
14.37964984,-1.84899044036865,-5.39633846282959,1.7366281747818,5.96281073583882
14.384404527,-2.21507120132446,-5.28469085693359,1.44615507125855,5.90981068820494
14.389159215,-2.53677129745483,-5.19920587539673,1.28882145881653,5.92688882155356
14.393913902,-2.89010572433472,-5.16570568084717,1.24914455413818,6.04959406870429
14.39866859,-3.22901105880737,-5.08803367614746,1.354731798172,6.17656031723882
14.403423277,-3.59360980987549,-5.01826000213623,1.50206100940704,6.35241309981133
14.408177965,-3.94985771179199,-5.03221273422241,1.5664222240448,6.58621435498833
14.412932652,-4.37369918823242,-5.05035305023193,1.50691854953766,6.84880383980098
14.41768734,-4.79071474075317,-5.0578498840332,1.39047062397003,7.10395676597261
14.422442027,-5.21278238296509,-5.06631326675415,1.30294561386108,7.38500491277563
14.427196715,-5.59226751327515,-5.06343650817871,1.1559442281723,7.63204116020311
14.431951402,-5.84604167938232,-5.12528419494629,0.875969171524048,7.82381386444629
14.43670609,-5.98427295684814,-5.27514934539795,0.540395021438599,7.99567071717639
14.441460777,-6.026771068573,-5.37143611907959,0.159627437591553,8.07463785027994
14.446215465,-6.14385414123535,-5.38727378845215,-0.348693370819092,8.17870708898244
14.450970152,-6.22390460968018,-5.28630542755127,-1.01639103889465,8.22891635682983
14.45572484,-6.16744184494019,-5.20914745330811,-1.80382370948792,8.27202128115833
14.460479527,-5.79813480377197,-5.21735525131226,-2.44968342781067,8.17558021901795
14.465234215,-5.50301551818848,-5.17149782180786,-3.03003692626953,8.13687245131344
14.469988902,-5.27205562591553,-5.02565336227417,-3.48959302902222,8.07644858515707
14.47474359,-5.17428731918335,-4.73406744003296,-3.75894236564636,7.95702780543671
14.479498277,-5.1808032989502,-4.47090435028076,-3.82119512557983,7.83780841304046
14.484252965,-5.32723140716553,-3.73624753952026,-4.32372283935547,7.81239523664965
14.489007652,-5.64250183105469,-3.26400375366211,-4.89098739624023,8.14943587787257
14.49376234,-5.10367393493652,-3.60310697555542,-4.65597295761108,7.79153076702212
14.498517027,-5.37482404708862,-3.33970260620117,-4.59503030776978,7.82027177049186
14.503271715,-5.78902673721314,-3.10984086990356,-4.22296094894409,7.81135967528048
14.508026402,-5.73285150527954,-3.03274631500244,-3.70490288734436,7.46923302604755
14.51278109,-5.94748735427856,-2.62311983108521,-3.67202091217041,7.46572843444983
14.517535777,-6.33761215209961,-2.01539325714111,-3.26126575469971,7.40695565628333
14.522290465,-6.85417032241821,-1.72860908508301,-2.6015739440918,7.53232548183676
14.527045152,-6.62858009338379,-1.32302951812744,-1.91648888587952,7.02576763136528
14.53179984,-6.74235820770264,-0.574777603149414,-1.83261919021606,7.01058175834256
14.536554527,-6.72377777099609,0.130304336547852,-1.79586458206177,6.96069654064651
14.541309215,-6.28371810913086,0.614727973937988,-1.85060203075409,6.5793412765407
14.546063902,-5.24579095840454,0.978396415710449,-1.91675925254822,5.67005717411942
14.55081859,-3.87795686721802,1.31620407104492,-1.81653702259064,4.48003899258489
14.555573277,-2.90867280960083,1.57700347900391,-1.84540259838104,3.78851266808138
14.560327965,-2.41614675521851,1.78390216827393,-2.25142765045166,3.7535314776812
14.565082652,-2.33478546142578,1.58241939544678,-2.80830121040344,3.98017964196653
14.56983734,-2.1841983795166,0.931142807006836,-3.82106614112854,4.49869936126015
14.574592027,-0.675232648849487,-0.362518310546875,-3.42196679115295,3.50673856671804
14.579346715,1.54916954040527,-1.86542701721191,0.687328338623047,2.52035006825202
14.584101402,2.33666753768921,-2.84388303756714,4.138267993927,5.538316341869
14.58885609,1.4687123298645,-4.34234666824341,4.47397089004517,6.40542785612891
14.593610777,1.4583888053894,-5.73282051086426,4.0182900428772,7.15113863564098
14.598365465,2.61324238777161,-6.61748600006104,4.233726978302,8.27916667697011
14.603120152,4.16758632659912,-7.01260614395142,3.69692158699036,8.95615151391469
14.60787484,5.56405067443848,-6.86937761306763,1.81502485275269,9.02448468970633
14.612629527,5.7141432762146,-6.16983413696289,-0.874402523040772,8.4547540727712
14.617384215,4.27624893188477,-5.13906097412109,-3.38304948806763,7.49274825827578
14.622138902,2.31246256828308,-4.27313804626465,-5.23335933685303,7.14109528299207
14.62689359,0.430751085281372,-3.81138181686401,-6.09748935699463,7.2035792707553
14.631648277,-1.39528894424438,-3.69657707214355,-6.15970611572266,7.31802519265267
14.636402965,-3.24211311340332,-3.74996852874756,-5.73609924316406,7.58131887827746
14.641157652,-5.08101463317871,-3.78832101821899,-5.22760152816773,8.21558905842774
14.64591234,-6.73299121856689,-3.7169942855835,-4.94385004043579,9.14280430123473
14.650667079,-8.26545429229736,-2.81071949005127,-4.8400239944458,9.98216965276698
14.655421767,-9.17526054382324,-0.537886619567871,-3.26643657684326,9.7541958137557
14.660176454,-9.2261552810669,1.34421348571777,-3.87214684486389,10.095661065712
14.66493109,-9.92393398284912,3.02628231048584,-3.25874185562134,10.8748447713191
14.669685829,-9.93100357055664,4.88003921508789,-3.65451765060425,11.653116060427
14.674440517,-7.77464866638184,6.75169944763184,-4.67413854598999,11.3083234152519
14.679195204,-4.60534477233887,8.28044605255127,-4.034423828125,10.2981339535988
14.683949892,-1.02098095417023,8.10243320465088,-2.20344996452332,8.45854702007178
14.688704579,3.18962216377258,6.77522468566895,-0.984987616539002,7.55298349618628
14.693459267,7.07862949371338,6.23238468170166,0.257771879434586,9.43483230756147
14.698213954,9.56675434112549,6.98283004760742,0.98770135641098,11.8852117384028
14.702968642,10.2235403060913,8.56382560729981,2.66191339492798,13.5994730906978
14.707723329,8.70800399780273,9.5961217880249,3.91566944122314,13.5368886443408
14.712478017,5.66029691696167,9.13440418243408,1.51265478134155,10.8519318761108
14.717232704,2.68613433837891,7.3120641708374,-3.91595053672791,8.71873091271671
14.721987392,0.557821989059448,5.23497295379639,-4.81019163131714,7.13120261445791
14.726742079,-1.40064203739166,3.95496940612793,-0.723881602287293,4.25765025506401
14.731496767,-4.52290344238281,3.37837886810303,2.61896991729736,6.22327106538611
14.736251454,-9.0715503692627,2.5975456237793,0.952534317970276,9.48407038125489
14.741006142,-14.4171438217163,1.35366630554199,-2.30027079582214,14.6621176566322
14.745760829,-18.9708461761475,-0.126970291137695,-3.27208709716797,19.2513812508436
14.750515517,-22.0036373138428,-1.58042526245117,-0.414295881986618,22.0642117495087
14.755270204,-22.9803218841553,-2.87716627120972,2.31287932395935,23.2749369584274
14.760024892,-21.4706382751465,-3.81904029846191,1.65450692176819,21.8703170964127
14.764779579,-17.8071403503418,-4.17051076889038,-1.71748983860016,18.3694632168688
14.769534267,-13.0311450958252,-3.5964822769165,-3.99829030036926,14.097224996525
14.774288954,-8.67891120910645,-2.29764032363892,-5.43886470794678,10.4968519158705
14.779043642,-5.79675054550171,-0.578998565673828,-8.01322746276856,9.90703641841973
14.783798329,-3.21145701408386,1.3865852355957,-9.70523262023926,10.31637605857
14.788553017,-0.475737899541855,3.18270111083984,-9.61131572723389,10.1357438266057
14.793307704,1.90327537059784,4.10681343078613,-9.31444358825684,10.3560239981582
14.798062392,3.9648175239563,3.74895286560059,-9.10783290863037,10.6172993684033
14.802817079,5.36041831970215,2.55032920837402,-8.43328475952148,10.3130284334167
14.807571767,5.4852442741394,1.07346725463867,-7.18975114822388,9.10674246188763
14.812326454,4.23171043395996,-0.179379463195801,-5.24000072479248,6.73774129694275
14.817081142,2.06030416488647,-0.735077857971191,-3.17278957366943,3.85380155014676
14.821835829,-0.383086740970612,-0.606155395507813,-1.97544598579407,2.10156290826628
14.826590517,-2.55114579200745,-0.0132350921630859,-1.38105845451355,2.90100714830647
14.831345204,-4.21210622787476,0.77297306060791,-0.846951842308044,4.36539272580553
14.836099892,-5.41851329803467,1.54653453826904,-0.393085956573486,5.64859026734042
14.840854579,-6.2181396484375,2.06836986541748,-0.0653893947601318,6.55344873792301
14.845609267,-6.70474195480347,2.1690149307251,0.0808014869689941,7.04732001050801
14.850363954,-6.78119611740112,1.96602153778076,0.107664346694946,7.06126426932339
14.855118642,-6.19505977630615,1.46929264068604,0.0655744075775147,6.36725109438207
14.859873329,-5.21945762634277,0.94688892364502,0.0220956802368164,5.30469836710764
14.864628017,-4.14347505569458,0.563776016235352,-0.227839946746826,4.18785625051517
14.869382704,-3.09364295005798,0.300713539123535,-0.752895832061768,3.1981099838798
14.874137392,-1.94836831092834,0.253060340881348,-1.28294169902802,2.34651188240368
14.878892079,-0.494904696941376,0.351202011108398,-1.61740672588348,1.72750630348904
14.883646767,0.480250120162964,0.745574951171875,-1.86596095561981,2.06599430629155
14.888401454,0.927125334739685,0.879040718078613,-2.10259079933167,2.46031746727745
14.893156142,1.10684812068939,0.646620750427246,-2.16317176818848,2.51446679354578
14.897910829,0.97715175151825,0.457322120666504,-1.71608436107636,2.02704578188973
14.902665517,0.610682189464569,0.423502922058105,-0.9813631772995,1.23100005982143
14.907420204,0.108146518468857,0.408940315246582,-0.474628448486328,0.635767264809575
14.912174892,-0.305658370256424,0.454249382019043,-0.138153076171875,0.564673191171892
14.916929579,-0.50881427526474,0.480430603027344,0.32183313369751,0.770248074962839
14.921684267,-0.584908783435822,0.494621276855469,0.723251342773438,1.05349940544933
14.926438954,-0.529139697551727,0.46575927734375,0.89640748500824,1.14038015728778
14.931193642,-0.420484483242035,0.372468948364258,0.944689989089966,1.09908120429279
14.935948329,-0.254323720932007,0.332018852233887,0.904572606086731,0.996578483085978
14.940703017,0.093413233757019,0.296592712402344,0.71902871131897,0.783387233105149
14.945457704,0.579409241676331,0.330668449401855,0.505176901817322,0.836815627781602
14.950212392,1.02460038661957,0.391101837158203,0.396568775177002,1.16620469589814
14.954967079,1.38134002685547,0.465911865234375,0.364344596862793,1.50263805396454
14.959721767,1.68328237533569,0.490610122680664,0.410974860191345,1.80084374205587
14.964476454,1.88266837596893,0.381644248962402,0.397854924201965,1.96172910651581
14.969231142,2.03697180747986,0.237137794494629,0.47549569606781,2.1051329257376
14.973985829,2.17986035346985,0.104926109313965,0.650879859924316,2.27737683335467
14.978740517,2.33779096603394,0.0114278793334961,0.81927752494812,2.47721877519549
14.983495204,2.54199910163879,-0.0959243774414063,0.964068531990051,2.72036561022474
14.988249892,2.66120171546936,-0.169279098510742,0.999291896820068,2.84767172944143
14.993004579,2.74831581115723,-0.146575927734375,0.998877286911011,2.92787980196502
14.997759267,2.92748641967773,-0.171350479125977,1.09411489963532,3.12995609197609
15.002513954,3.20580983161926,-0.272201538085938,1.15822875499725,3.41947425823701
15.007268642,3.36113786697388,-0.393963813781738,1.17718875408173,3.58304739155257
15.012023329,3.30052137374878,-0.409910202026367,1.2132670879364,3.54026619606033
15.016778017,3.12908506393433,-0.329745292663574,1.17322623729706,3.35802994317396
15.021532704,2.93489360809326,-0.29215145111084,1.03834450244904,3.12683742253719
15.026287392,2.70342397689819,-0.242032051086426,0.840165257453919,2.84129519276927
15.031042079,2.26040625572205,-0.0886287689208984,0.643018960952759,2.35175782846205
15.035796767,1.74709129333496,0.0794553756713867,0.687933683395386,1.87933336497808
15.040551454,1.33082008361816,0.204791069030762,0.861996173858643,1.59876792583012
15.045306142,1.04730653762817,0.304169654846191,0.85915732383728,1.38835206982638
15.050060829,0.886766135692596,0.336974143981934,0.889788866043091,1.30062676400949
15.054815517,0.834612369537354,0.384466171264648,1.04680585861206,1.39290866529582
15.059570204,0.816690742969513,0.482539176940918,1.105593085289,1.45676487367515
15.064324892,0.918936371803284,0.545115470886231,1.12125611305237,1.54880928557386
15.069079579,1.14364492893219,0.53639030456543,1.20606124401093,1.74648847880806
15.073834267,1.39987635612488,0.480348587036133,1.30968296527863,1.97627377836323
15.078588954,1.71156311035156,0.448848724365234,1.27946496009827,2.18356223685057
15.083343642,2.04281878471375,0.520772933959961,1.34748935699463,2.50200731476517
15.088098329,2.28372764587402,0.607572555541992,1.38211166858673,2.73766123456149
15.092853017,2.45370197296143,0.776205062866211,1.45270478725433,2.95524937537352
15.097607704,2.66052269935608,0.923847198486328,1.74551177024841,3.31341002896046
15.102362392,2.94256162643433,1.07692241668701,2.07880210876465,3.76029906049122
15.107117079,3.1927695274353,1.2068920135498,2.39987230300903,4.17249956961527
15.111871767,3.36617851257324,1.27562141418457,2.74435472488403,4.52657161954048
15.116626454,3.56101727485657,1.27138710021973,3.07655882835388,4.87467777547955
15.121381142,4.0042896270752,1.16326332092285,3.37254047393799,5.36297922983637
15.126135829,4.79848861694336,0.973014831542969,3.69942188262939,6.13660925389704
15.130890517,5.70676994323731,0.770191192626953,3.67974209785461,6.83380710621542
15.135645204,6.74598217010498,0.526350975036621,3.74427318572998,7.73336294749398
15.140399892,7.73252105712891,0.158204078674316,3.74728941917419,8.59413104510898
15.145154579,8.38969326019287,-0.0972042083740234,3.35696887969971,9.03690443224468
15.149909267,8.85640907287598,-0.0534334182739258,3.08783578872681,9.37942251177813
15.154663954,9.06814193725586,0.131577491760254,2.75597810745239,9.47860359754079
15.159418642,9.03202438354492,0.35737419128418,2.34728956222534,9.33889442420665
15.164173329,8.76237869262695,0.712371826171875,2.21077346801758,9.06500266401598
15.168928017,8.31649494171143,1.2155933380127,2.1837043762207,8.68391156574375
15.173682704,7.9762020111084,1.77374172210693,2.19920754432678,8.46182439204315
15.178437392,7.68182945251465,2.24804019927979,2.47851181030273,8.37897423727449
15.183192027,7.17084646224976,2.67679309844971,2.48031640052795,8.0460070670983
15.187946767,6.66326951980591,3.16275596618652,2.73975467681885,7.86819176713263
15.192701402,6.26914501190186,3.67236709594727,3.08139657974243,7.89198733838939
15.197456142,6.01939487457275,4.20082378387451,3.40438103675842,8.09134385393668
15.202210829,5.94711971282959,4.66684627532959,3.67265510559082,8.40452750372716
15.206965465,5.86320161819458,5.11124134063721,3.48485445976257,8.52327002174432
15.211720204,5.94640588760376,5.74192428588867,2.91339921951294,8.7645497600998
15.21647484,6.5832052230835,6.68280696868897,2.88106226921082,9.813206396946
15.221229527,7.62016677856445,7.84017753601074,3.97178316116333,11.6322993001644
15.225984215,8.55797004699707,9.06323909759522,4.97402286529541,13.4209559171454
15.230738902,9.51571369171143,10.1608772277832,5.63529348373413,15.0182810517224
15.23549359,10.554347038269,11.1335372924805,6.4192156791687,16.6299796747608
15.240248277,11.52512550354,11.8765411376953,6.88475608825684,17.9243023201046
15.245002965,12.251277923584,12.3810520172119,6.32581996917725,18.5310619797206
15.249757652,12.8623886108398,12.5951404571533,5.34837865829468,18.7798764155727
15.25451234,13.1703834533691,12.5311889648438,4.27687644958496,18.6756892602767
15.259267027,12.8886833190918,12.3592023849487,2.71462106704712,18.0620377817569
15.264021715,12.3875999450684,12.0862255096436,1.26464080810547,17.3530630103893
15.268776402,11.7056818008423,11.7642669677734,-0.144413232803345,16.5964399463687
15.27353109,10.9537887573242,11.5093765258789,-1.39209508895874,15.949581966034
15.278285777,9.78635025024414,11.4279594421387,-1.28281784057617,15.1002162184427
15.283040465,7.85487461090088,11.5693531036377,-0.875807285308838,14.0112820537817
15.287795152,5.596923828125,11.6486673355103,-0.620913028717041,12.9384133501928
15.29254984,3.43575763702393,11.5818214416504,-0.689408302307129,12.1003430634809
15.297304527,1.64139938354492,11.3527431488037,-1.38840246200562,11.5545069274078
15.302059215,0.47975492477417,10.8152847290039,-2.6979079246521,11.1570271903931
15.306813902,-0.336791515350342,10.1679744720459,-4.20704030990601,11.0091017598241
15.31156859,-0.0616450309753418,9.28767013549805,-5.08550834655762,10.5890042873999
15.316323277,0.593653678894043,8.38072013854981,-5.6388053894043,10.118548361832
15.321077965,1.27118968963623,7.24524784088135,-4.8574686050415,8.81501790989656
15.325832652,1.23655128479004,6.09791040420532,-2.77164149284363,6.8114291409721
15.33058734,-0.0601825714111328,5.24491596221924,-2.54747200012207,5.83115588747632
15.335342027,-2.16954183578491,4.54395723342896,-2.50566148757935,5.62430427757875
15.340096715,-4.37238788604736,3.79443168640137,-1.63929915428162,6.01687538229344
15.344851402,-5.9191780090332,2.84065055847168,-1.11769795417786,6.65997091695911
15.34960609,-6.70715951919556,1.89723014831543,-1.54374742507935,7.13923155276894
15.354360777,-6.49844074249268,1.23251962661743,-2.33846092224121,7.01549971124902
15.359115465,-5.58550882339478,1.09693956375122,-2.27785730361938,6.13105367113972
15.363870152,-4.64075946807861,1.34126329421997,-0.887046337127686,4.91146483945419
15.36862484,-4.56641960144043,2.24275827407837,0.578478813171387,5.1202334311684
15.373379527,-4.7370400428772,3.21116065979004,1.26796674728394,5.86164147854703
15.378134215,-4.77395486831665,3.69009923934937,1.364985704422,6.1863287541358
15.382888902,-4.44482564926148,3.36642360687256,1.03778457641602,5.67153240141397
15.38764359,-3.48056602478027,2.38079690933228,0.612363815307617,4.26116453785101
15.392398277,-2.58106565475464,0.940246105194092,0.519441604614258,2.79567205392387
15.397152965,-1.79412651062012,-0.500792980194092,0.283412456512451,1.88414600432876
15.401907652,-1.30122804641724,-1.85355377197266,-0.171126365661621,2.27115394621356
15.40666234,-0.96560001373291,-3.05596685409546,-0.327622890472412,3.22159177398574
15.411417027,-0.812599658966065,-3.98648762702942,-0.216124057769775,4.0742007086737
15.416171715,-0.544407844543457,-4.72955751419067,-0.257487058639526,4.76774514488817
15.420926402,-0.410671710968018,-5.14537620544434,-0.354333162307739,5.17388630911553
15.42568109,-0.440923690795898,-5.25044631958008,-0.31011700630188,5.27804630649398
15.430435777,-0.703261852264404,-5.07868099212647,-0.134471416473389,5.1289044068383
15.435190465,-1.12278652191162,-4.77427577972412,0.198952674865723,4.90855793094907
15.439945152,-1.64209747314453,-4.40508651733398,0.576016187667847,4.73635577052239
15.444699788,-2.15647745132446,-4.23700904846191,0.955254554748535,4.84924240878787
15.449454475,-2.50906181335449,-4.38233089447022,1.05717873573303,5.15924821375634
15.454209163,-2.60034894943237,-4.83579397201538,0.992261171340942,5.57954301271576
15.45896385,-2.55499267578125,-5.40286302566528,0.885080099105835,6.04171194523788
15.463718538,-2.45894193649292,-5.91552591323853,0.785524129867554,6.45421493567143
15.468473225,-2.3456563949585,-6.38535928726196,0.798380613327026,6.84925753307384
15.473227913,-2.26779222488403,-6.80236530303955,0.992739677429199,7.23882499846371
15.4779826,-2.36612367630005,-7.13254404067993,1.24393725395203,7.61702734900933
15.482737288,-2.60696983337402,-7.39936304092407,1.28182077407837,7.9492093707723
15.487491975,-2.88039064407349,-7.57858467102051,1.17590045928955,8.19233408550033
15.492246663,-3.11442422866821,-7.67220449447632,1.11708498001099,8.35525217655005
15.49700135,-3.33741998672485,-7.77058696746826,1.085688829422,8.52637755562759
15.501756038,-3.52967548370361,-7.78696823120117,1.16978788375855,8.62924602424702
15.506510725,-3.75755071640015,-7.7685079574585,1.29740476608276,8.72652063530875
15.511265413,-4.10668134689331,-7.66211032867432,1.32261383533478,8.79329709103008
15.5160201,-4.52431488037109,-7.46029233932495,1.18102896213532,8.80455656659325
15.520774788,-4.93890142440796,-7.20343685150147,0.932747840881348,8.78363639321763
15.525529475,-5.3721661567688,-6.97250127792358,0.661629676818848,8.82687357538475
15.530284163,-5.79568243026733,-6.7001576423645,0.346389770507813,8.86577876659221
15.53503885,-6.147536277771,-6.46731090545654,0.0110437870025635,8.92291626093056
15.539793538,-6.44000053405762,-6.27109050750732,-0.332271814346314,8.99503127235364
15.544548225,-6.61828899383545,-6.07506799697876,-0.65930962562561,9.00793481083659
15.549302913,-6.84766864776611,-5.81890869140625,-1.13900756835938,9.05801316566178
15.5540576,-7.04253911972046,-5.59534549713135,-1.8468165397644,9.18237332156608
15.558812288,-6.93813800811768,-5.46833896636963,-2.66707277297974,9.22787988907384
15.563566975,-6.73784875869751,-5.48265075683594,-3.3367121219635,9.30546683414505
15.568321663,-6.64417934417725,-5.5156135559082,-3.71488285064697,9.40039715383031
15.57307635,-6.54670286178589,-5.50688314437866,-3.88989019393921,9.39767663027739
15.577831038,-6.58848190307617,-5.3771243095398,-4.08135509490967,9.43286907775949
15.582585725,-6.81208610534668,-5.19290971755981,-4.18834829330444,9.53483559729326
15.587340413,-6.96355581283569,-4.96820163726807,-4.02893400192261,9.45549820257394
15.5920951,-6.95844411849976,-4.54491901397705,-3.85385084152222,9.16124444071849
15.596849788,-6.71457719802856,-4.04009294509888,-3.74881863594055,8.68686014152974
15.601604475,-6.75908946990967,-2.69138669967651,-4.16797113418579,8.38455939240968
15.606359058,-5.65741872787476,-2.41863870620728,-4.13660335540772,7.41401963671815
15.61111385,-4.92995405197144,-2.27191972732544,-3.85616874694824,6.65853614594833
15.615868485,-4.97621059417725,-1.3004846572876,-4.32734870910645,6.72159795522222
15.620623173,-4.47667694091797,-0.648277282714844,-4.04774284362793,6.07001828636223
15.62537786,-4.18701219558716,-0.0673694610595703,-3.54540276527405,5.48684704892454
15.630132548,-4.14829921722412,0.541563987731934,-3.00117659568787,5.14866379820386
15.634887235,-4.15926504135132,1.14402008056641,-2.4498815536499,4.96086557526612
15.639641923,-3.6948504447937,1.83474254608154,-1.85208189487457,4.52199152643127
15.64439661,-2.6630847454071,1.93170261383057,-0.885724008083344,3.40705185871819
15.649151298,-2.70418643951416,2.34504318237305,-0.368716537952423,3.59830567242504
15.653905985,-3.17056560516357,2.86099433898926,-0.595638930797577,4.31190915955526
15.658660673,-3.95214366912842,2.93388080596924,-2.9260458946228,5.72615409699263
15.66341536,-2.93800783157349,1.82683563232422,-5.28204154968262,6.31420473048587
15.668170048,-0.404788255691528,-0.0740461349487305,-1.30942404270172,1.37256245236855
15.672924683,1.45552897453308,-2.49788427352905,4.29070091247559,5.17379017355438
15.677679423,2.91836047172546,-5.55682277679443,6.7187442779541,9.1943804515678
15.68243411,3.64355492591858,-7.40920639038086,6.79180812835693,10.6911407008729
15.687188798,4.5527811050415,-8.41789722442627,6.95298147201538,11.8293178510688
15.691943485,6.05772352218628,-8.54756546020508,6.21203231811523,12.1797469222085
15.696698173,6.98064041137695,-7.6154990196228,2.30779242515564,10.5854178825605
15.70145286,6.24063777923584,-5.85073852539063,-2.46269798278809,8.90177412309166
15.706207548,4.28296852111816,-4.05935525894165,-5.249755859375,7.89823531266501
15.710962235,1.96304774284363,-2.82449150085449,-6.16982507705689,7.06385519108105
15.715716923,-0.27631664276123,-2.36810064315796,-6.54250860214233,6.96338066978234
15.72047161,-2.2221622467041,-2.27180767059326,-6.41027879714966,7.15477388881227
15.725226246,-3.41468214988709,-1.67535448074341,-5.09957265853882,6.36180069796447
15.729980933,-3.03249263763428,-1.74798059463501,-3.58194541931152,5.00817139717217
15.734735621,-3.68410444259644,-2.13744497299194,-2.9183075428009,5.16312071047114
15.739490308,-4.90887451171875,-2.31836462020874,-4.52378082275391,7.06657317349461
15.744244944,-5.28314781188965,-0.882234573364258,-3.40568661689758,6.34733723518996
15.748999683,-6.36349391937256,2.757887840271,-1.00709533691406,7.00815533639489
15.753754371,-7.51294898986816,7.36414813995361,-1.46722817420959,10.6220449475013
15.758509058,-6.50175952911377,11.3838138580322,-2.76424264907837,13.3979525432706
15.763263746,-1.77636647224426,13.088137626648,-3.43226218223572,13.6468035841876
15.768018433,5.54062747955322,11.8454360961914,-3.214430809021,13.4664573887165
15.772773121,12.0962190628052,9.76794147491455,-2.98570609092712,15.8317919748248
15.777527808,15.112024307251,8.48554706573486,-2.66298675537109,17.5348021410858
15.782282496,13.5697593688965,8.04633331298828,-3.10113024711609,16.0778996738703
15.787037183,8.03817272186279,6.79551982879639,-5.36186599731445,11.8127438566669
15.791791871,0.775170564651489,4.33787250518799,-7.71999216079712,8.88911166755919
15.796546558,-5.52037239074707,1.69633674621582,-6.43719434738159,8.64809463148075
15.801301246,-9.9999361038208,-0.514889717102051,-4.81247329711914,11.1096234291159
15.806055933,-12.3971853256226,-2.16648864746094,-3.54148840904236,13.0738677218637
15.810810621,-13.8589477539063,-2.95348262786865,-1.8307797908783,14.2879406186236
15.815565308,-15.0537939071655,-2.76255464553833,-0.39337819814682,15.3102307486131
15.820319996,-16.4969329833984,-1.69968223571777,0.217032313346863,16.5856811915034
15.825074683,-18.066011428833,-0.448542594909668,-2.21478343009949,18.2067906301033
15.829829319,-18.9268550872803,0.474929809570313,-4.22304105758667,19.3980792243198
15.834584006,-18.4115142822266,0.918109893798828,-3.12448644638062,18.6973046050852
15.839338694,-15.9510364532471,1.14173984527588,-0.893390834331513,16.0167812306335
15.844093381,-12.5483179092407,1.34141635894775,-1.24644911289215,12.6812190104285
15.848848069,-10.0437021255493,1.66450023651123,-4.1911768913269,11.0096538164695
15.853602756,-8.62326049804688,2.10771560668945,-6.37937116622925,10.9315810005861
15.858357444,-7.30020570755005,2.29053783416748,-5.87572956085205,9.64695624612082
15.863112131,-5.95077514648438,2.10324859619141,-4.62410640716553,7.82417660627536
15.867866819,-4.45648813247681,1.77570724487305,-4.09156179428101,6.30510115785792
15.872621506,-2.84243297576904,1.33674144744873,-4.0925760269165,5.15901942767793
15.877376194,-1.4774477481842,0.867667198181152,-4.36094427108765,4.68545975875861
15.882130881,-0.299192368984222,0.421070098876953,-4.12823057174683,4.16042110312547
15.886885569,0.602498710155487,0.0877780914306641,-3.95472097396851,4.0013157424803
15.891640256,0.976037919521332,0.151975631713867,-3.96131467819214,4.08261688046268
15.896394944,0.639418840408325,0.555649757385254,-3.60128378868103,3.69957403398935
15.901149631,-0.322480618953705,1.09990501403809,-3.03128671646118,3.24075360786668
15.905904267,-1.4677152633667,1.51690101623535,-2.39767980575562,3.19437712837788
15.910658954,-2.39356112480164,1.5989236831665,-2.03737640380859,3.52655560193632
15.915413642,-2.95278358459473,1.34160804748535,-1.80163466930389,3.71008497640786
15.920168329,-3.07167840003967,0.88395881652832,-1.45107698440552,3.5103013826821
15.924923017,-2.99138116836548,0.41261100769043,-1.17895352840424,3.24168791839309
15.929677704,-2.74735975265503,0.0661849975585938,-1.06844854354858,2.94855021232836
15.934432392,-2.33477139472961,-0.0957365036010742,-1.02360713481903,2.5510967269435
15.939187079,-1.80646181106567,-0.109244346618652,-0.848390698432922,1.9987509547951
15.943941767,-1.31808221340179,0.00638389587402344,-0.748150587081909,1.51562224065356
15.948696454,-0.819533109664917,0.17453670501709,-0.897007942199707,1.22748557124091
15.953451142,-0.313238501548767,0.328210830688477,-0.955425143241882,1.0576757123866
15.958205829,0.1077795997262,0.43156623840332,-0.863748550415039,0.971559271784698
15.962960517,0.326964169740677,0.51815128326416,-0.722278952598572,0.947139486036453
15.967715204,0.277801603078842,0.602355003356934,-0.5188969373703,0.842175345373268
15.972469892,0.113390192389488,0.614846229553223,-0.186943173408508,0.652564917697836
15.977224579,-0.0897463262081146,0.560494422912598,0.0297309160232544,0.568412111545454
15.981979267,-0.212094321846962,0.456101417541504,0.176661491394043,0.53312455109914
15.986733954,-0.284416317939758,0.332796096801758,0.304106831550598,0.533035504401572
15.991488642,-0.306453913450241,0.257533073425293,0.517326951026917,0.654113491097417
15.996243277,-0.301869779825211,0.175332069396973,0.687373101711273,0.770939997332427
16.000997965,-0.287376672029495,0.126823425292969,0.776036322116852,0.837198845003049
16.005752652,-0.222440242767334,0.0976181030273438,0.716444551944733,0.756506279982087
16.01050734,-0.042578250169754,0.0948810577392578,0.647485494613648,0.655784101850844
16.015262027,0.252090811729431,0.128121376037598,0.640742540359497,0.700368379770612
16.020016715,0.522830665111542,0.168633460998535,0.600613951683044,0.813957165645493
16.024771402,0.79367595911026,0.149530410766602,0.53683352470398,0.969778894934159
16.02952609,1.11017441749573,0.0708713531494141,0.38236939907074,1.17631472969819
16.034280777,1.39828824996948,0.00439739227294922,0.223207712173462,1.41599825205938
16.039035465,1.74410474300385,-0.00694370269775391,0.200026273727417,1.75555121820952
16.043790152,2.07109713554382,0.0153007507324219,0.183759689331055,2.07928956166616
16.04854484,2.30769085884094,0.0544471740722656,0.179558038711548,2.31530617500331
16.053299527,2.44202327728272,0.146402359008789,0.206946015357971,2.45514520767846
16.058054215,2.55542612075806,0.214643478393555,0.330404281616211,2.58562206650156
16.06280885,2.71958088874817,0.158841133117676,0.404025316238403,2.75401292157025
16.067563538,2.90605592727661,0.0484647750854492,0.387166261672974,2.93213362605824
16.072318225,2.95493698120117,-0.00170993804931641,0.447101950645447,2.98857083587279
16.077072913,2.79481291770935,-0.0634565353393555,0.791465044021606,2.905412688893
16.0818276,2.56682443618774,-0.194050788879395,1.06888246536255,2.78724830606008
16.086582288,2.40727996826172,-0.302501678466797,1.29893338680267,2.75204143399405
16.091336975,2.24698042869568,-0.27646541595459,1.4698269367218,2.69921199557822
16.096091663,2.06925439834595,-0.0134077072143555,1.67207837104797,2.66042094613113
16.10084635,1.94803082942963,0.182866096496582,1.65696036815643,2.56393872455979
16.105601038,1.89256024360657,0.159543037414551,1.44402670860291,2.38588587145868
16.110355725,1.86216187477112,-0.0281429290771484,1.37274789810181,2.31362824672657
16.115110413,1.79720377922058,-0.18400764465332,1.41186451911926,2.29285011670704
16.1198651,1.62145233154297,-0.231559753417969,1.27933144569397,2.07832060347063
16.124619788,1.49020290374756,-0.254593849182129,1.07560539245605,1.85538397175883
16.129374423,1.44618451595306,-0.236462593078613,1.11599826812744,1.84195991991447
16.13412911,1.46765577793121,-0.263182640075684,1.08741295337677,1.84546620551656
16.138883798,1.48278915882111,-0.286876678466797,0.872911691665649,1.74440154196565
16.143638485,1.5179340839386,-0.178526878356934,0.63981831073761,1.656913757633
16.148393173,1.62778222560883,0.0592451095581055,0.409457087516785,1.6795356690265
16.15314786,1.69509410858154,0.309152603149414,0.253355741500855,1.74158218316948
16.157902548,1.62919616699219,0.506660461425781,0.214341640472412,1.71957183989347
16.162657235,1.48047316074371,0.663825988769531,0.330583333969116,1.65582337939361
16.167411923,1.22758841514587,0.840506553649902,0.609221696853638,1.60766155009256
16.17216661,0.920881688594818,1.05342769622803,0.875602245330811,1.65057937936892
16.176921298,0.749099731445313,1.30249214172363,1.15105795860291,1.89276797599873
16.181675985,0.750545740127564,1.51357650756836,1.53091967105865,2.2799008293171
16.186430673,0.903504252433777,1.54815006256104,1.9433810710907,2.64382649541291
16.191185308,1.23442244529724,1.44479179382324,2.3048849105835,2.98725903664013
16.195939996,1.74332284927368,1.27780914306641,2.58674287796021,3.37093599458395
16.200694683,2.50227689743042,1.08566188812256,2.82961702346802,3.93023967541877
16.205449371,3.56874752044678,0.904354095458984,2.90685701370239,4.69080301150872
16.210204058,4.90922212600708,0.693426132202148,2.94548225402832,5.76690275556074
16.214958746,6.20108795166016,0.496090888977051,2.91455769538879,6.86980673047655
16.219713433,7.16983985900879,0.221818923950195,2.8099148273468,7.70398783590661
16.224468121,7.73701047897339,-0.0143604278564453,2.62257051467896,8.16941940887452
16.229222808,7.97428369522095,-0.0641803741455078,2.25050258636475,8.2860172256354
16.233977496,7.87672567367554,0.155874252319336,1.81156289577484,8.08386443764513
16.238732183,7.5828070640564,0.664553642272949,1.5329133272171,7.76469044990988
16.243486871,7.04732322692871,1.22021961212158,1.43581771850586,7.29487992275338
16.248241558,6.17765522003174,1.7678918838501,1.538698554039,6.60730345684003
16.252996194,5.25375175476074,2.22385406494141,1.65912294387817,5.9413906912196
16.257750881,4.42368650436401,2.65973281860352,1.69361925125122,5.43245129968577
16.262505569,3.93115496635437,3.02519416809082,1.47173464298248,5.17414553172774
16.267260256,3.85474705696106,3.39907932281494,1.38019680976868,5.32144325814282
16.272014944,3.9865288734436,3.75988674163818,1.91517019271851,5.80491495508966
16.276769631,3.96330833435059,4.05282402038574,2.30151653289795,6.11802041877527
16.281524319,3.86883234977722,4.38560104370117,2.55858421325684,6.38339356780722
16.286279006,3.81024837493897,4.72458934783936,2.95644545555115,6.75131890196954
16.291033694,3.885178565979,5.091233253479,3.32043218612671,7.21391283794996
16.295788381,4.00728797912598,5.62174224853516,3.63866925239563,7.80398979913109
16.300543069,4.28395318984985,6.30880737304688,3.96623110771179,8.59559739650573
16.305297704,4.87762069702148,7.10216808319092,4.64710712432861,9.78915623385866
16.310052392,5.731116771698,7.91111278533936,5.92419147491455,11.4248610313057
16.314807079,6.39562749862671,8.64736366271973,7.16021728515625,12.9209001616438
16.319561767,6.8213062286377,9.19387722015381,7.63290023803711,13.759315500705
16.324316454,7.63377380371094,9.41948509216309,7.54216480255127,14.2788463048157
16.329071142,8.99458408355713,9.49660015106201,7.66069412231445,15.1583043808004
16.333825829,10.4898242950439,9.40380096435547,7.69584560394287,16.0528479055224
16.338580517,11.7822504043579,9.12697982788086,6.69174766540527,16.3371561842015
16.343335204,12.6467914581299,8.56842803955078,4.9037938117981,16.0438925140695
16.348089892,12.9185600280762,7.82429504394531,2.62075877189636,15.3289648272213
16.352844579,12.9056234359741,7.11288642883301,0.723016023635864,14.7536782461553
16.357599215,12.5881767272949,6.6859130859375,-0.227109670639038,14.2553570952403
16.362353902,11.9805469512939,6.68447828292847,-0.530217885971069,13.7294168184124
16.36710859,10.9300813674927,7.00272655487061,-0.87581205368042,13.0104536683266
16.371863277,9.54465770721436,7.41013956069946,-2.04441142082214,12.2552142826846
16.376617965,8.2467851638794,7.76003646850586,-3.35916090011597,11.8115025921595
16.381372652,6.85611391067505,8.18096542358398,-3.9207456111908,11.3713121215496
16.38612734,5.56290054321289,8.60961437225342,-3.6157591342926,10.8694542737808
16.390882027,4.51186943054199,8.90830039978027,-2.97687077522278,10.4200067842281
16.395636715,3.71159911155701,9.13338756561279,-2.18428802490234,10.0978141478408
16.400391402,2.80212879180908,9.18135356903076,-2.47706341743469,9.91388028470349
16.40514609,2.0730767250061,8.94379806518555,-3.28956079483032,9.7524551350654
16.409900777,1.64464330673218,8.42672157287598,-4.06598043441773,9.49982552293568
16.414655413,1.71440505981445,7.67909622192383,-4.53288698196411,9.08046077497953
16.4194101,2.1009349822998,6.61405992507935,-4.50946521759033,8.27617019164352
16.424164788,2.39931392669678,5.70966243743897,-4.00645351409912,7.37622005020049
16.428919475,2.12809419631958,4.93238162994385,-3.13790059089661,6.22122122819675
16.433674163,1.57737588882446,4.09315919876099,-2.77164602279663,5.18884270302452
16.43842885,0.539731025695801,3.22318363189697,-2.96869277954102,4.41512843803282
16.443183538,-0.814846515655518,2.36928844451904,-2.75466632843018,3.72366609115189
16.447938225,-1.74777317047119,1.59819459915161,-2.42426824569702,3.38910217598573
16.452692913,-2.2057523727417,1.04809522628784,-2.49745035171509,3.49300807220722
16.457447548,-2.36600542068481,0.662878036499023,-2.51033592224121,3.51271624024449
16.462202235,-2.50810766220093,0.540915489196777,-2.54384255409241,3.61307743504832
16.466956923,-2.75689554214478,0.808182716369629,-2.47524690628052,3.7921602788368
16.47171161,-3.12594032287598,1.46990728378296,-1.85870933532715,3.9226178399549
16.476466298,-3.58942747116089,2.19750881195068,-0.949191093444824,4.31439431220656
16.481220985,-4.08432197570801,2.78629541397095,-0.0173499584197998,4.94423190760952
16.485975673,-4.18757486343384,3.02508401870728,0.721018552780151,5.21601229969354
16.49073036,-3.96422815322876,2.73529434204102,1.00924730300903,4.9209267528672
16.495485048,-3.29704141616821,2.02425241470337,1.17471694946289,4.04327093449305
16.500239735,-2.4600248336792,0.993430614471436,1.21275854110718,2.91708927650764
16.504994423,-1.69986534118652,-0.249943256378174,1.03294944763184,2.00474396643038
16.509749058,-1.16219902038574,-1.40467357635498,0.705193519592285,1.95476656385626
16.514503746,-0.686449527740479,-2.44965505599976,0.571264505386353,2.60736763472944
16.519258433,-0.328935146331787,-3.27044892311096,0.522265434265137,3.32818203723867
16.524013121,-0.172225952148438,-3.77226567268372,0.558938980102539,3.81733714353074
16.528767808,-0.124557495117188,-3.98987865447998,0.313861608505249,4.00414227473979
16.533522496,-0.393599987030029,-4.16445159912109,0.788935899734497,4.25675908704053
16.538277183,-0.944994449615479,-3.89922952651978,1.25807428359985,4.20473023074525
16.543031871,-1.52062940597534,-3.7182822227478,1.5417582988739,4.30290078092277
16.547786558,-1.83397769927979,-3.32578301429749,1.31879448890686,4.02038875777161
16.552541246,-1.73735952377319,-3.26288986206055,0.960535526275635,3.81935817435607
16.557295881,-1.96220779418945,-3.29765510559082,1.05313658714294,3.97918148545478
16.562050569,-2.1594295501709,-3.49686145782471,1.47833228111267,4.36768157845224
16.566805256,-2.36034774780273,-3.74299120903015,1.99176013469696,4.85266247699162
16.571559944,-2.52200412750244,-4.0522632598877,2.3877329826355,5.33691026184069
16.576314631,-2.67095327377319,-4.24006319046021,2.5424919128418,5.61928753283201
16.581069319,-2.81946802139282,-4.35379409790039,2.36842608451843,5.70213688790407
16.585824006,-2.98931074142456,-4.51971340179443,1.98809278011322,5.77202744670318
16.590578694,-3.09685945510864,-4.70866346359253,1.66198623180389,5.87573385482807
16.595333381,-3.18477010726929,-4.93442821502686,1.64738011360168,6.09960684668278
16.600088069,-3.28816890716553,-5.10306549072266,1.7973929643631,6.33118895887625
16.604842756,-3.45666646957397,-5.25455141067505,1.94429636001587,6.58324706697805
16.609597392,-3.61332893371582,-5.38105869293213,2.08098411560059,6.80752771051211
16.614352079,-3.84871578216553,-5.41995668411255,2.15009117126465,6.98651813668987
16.619106767,-4.15075874328613,-5.46168231964111,2.06115818023682,7.16290059609958
16.623861454,-4.45997190475464,-5.52029705047607,1.8815221786499,7.34201298183591
16.628616142,-4.74797964096069,-5.52851390838623,1.64276957511902,7.47037272049621
16.633370829,-5.01024913787842,-5.50039386749268,1.34991586208344,7.5616930614689
16.638125517,-5.37832927703857,-5.37816619873047,0.876784563064575,7.65636001265912
16.642880204,-5.90740633010864,-5.07314872741699,0.0281667709350586,7.7868530823745
16.64763484,-6.20373296737671,-4.72871255874634,-0.827055931091309,7.84417278665605
16.652389527,-6.17199420928955,-4.49264335632324,-1.34245991706848,7.75110027515801
16.657144215,-5.91691589355469,-4.31883239746094,-1.55242729187012,7.48813978670948
16.661898902,-5.58118867874146,-4.30696678161621,-1.7252995967865,7.25784324881221
16.66665359,-5.42739009857178,-4.40383672714233,-2.12405228614807,7.3049256885812
16.671408277,-5.34557485580444,-4.50135850906372,-2.65456485748291,7.47556777433743
16.676162965,-5.26453495025635,-4.9432168006897,-2.91654348373413,7.78825695991109
16.680917652,-5.15568733215332,-5.35333251953125,-3.0360689163208,8.0285114059984
16.68567234,-5.45132255554199,-5.48752117156982,-2.79272389411926,8.22369217333508
16.690427027,-5.38368797302246,-5.3027024269104,-2.97012901306152,8.11938517213329
16.695181663,-5.6431245803833,-4.81330633163452,-3.44147944450378,8.17658569568137
16.699936298,-6.02319717407227,-4.03624582290649,-3.76042723655701,8.1676800587512
16.704691038,-6.13590431213379,-3.08872318267822,-4.04468584060669,7.97176368039596
16.709445725,-6.07550954818726,-2.11891222000122,-4.39052391052246,7.78962807039299
16.714200413,-5.96209287643433,-1.28213024139404,-4.44988536834717,7.54929726627295
16.7189551,-5.91823959350586,-0.542452812194824,-4.25977563858032,7.31201090197771
16.723709788,-5.82793092727661,0.15268611907959,-4.24112939834595,7.20938766592428
16.728464475,-5.73571681976318,0.408875465393066,-3.74828577041626,6.86405658480608
16.73321911,-5.8885669708252,0.821334838867188,-3.60475444793701,6.95298975386503
16.737973798,-5.77636814117432,1.1934757232666,-3.56961607933044,6.89441601284799
16.742728485,-5.29598140716553,1.61320400238037,-3.66103100776672,6.63724297115666
16.747483173,-4.49444341659546,1.29831600189209,-3.21896648406982,5.67867865716244
16.75223786,-3.73339033126831,1.34309864044189,-3.0772533416748,5.02111595687785
16.756992548,-2.7727587223053,1.72456741333008,-2.34824895858765,4.02201403114759
16.761747235,-1.85844135284424,1.18671989440918,-1.1815150976181,2.50161673636222
16.766501923,-1.35573506355286,0.530116081237793,-1.14796328544617,1.85387710673225
16.77125661,-0.762525320053101,-0.17191219329834,-0.962762415409088,1.24012504790891
16.776011246,-0.913862943649292,-0.696069717407227,-0.965797066688538,1.50080728452753
16.780765933,-0.0452480316162109,-1.88559293746948,-0.989794731140137,2.13007082511186
16.785520621,0.556117296218872,-2.66486692428589,0.134443879127502,2.72559302316791
16.790275308,1.26567029953003,-3.20676422119141,2.79118967056274,4.43576350299268
16.795029996,1.70481491088867,-3.71891355514526,5.28519725799561,6.68356356795952
16.799784683,1.99889159202576,-4.45838356018066,6.03232336044312,7.76283947349861
16.804539371,3.1388885974884,-5.25862216949463,5.07232475280762,7.95199391013901
16.809294058,4.90250396728516,-5.76475048065186,3.3249454498291,8.26572171669007
16.814048746,6.15811443328857,-5.71541309356689,0.599111914634705,8.42301936895851
16.818803381,5.88929557800293,-5.03950595855713,-2.70585870742798,8.20987783441273
16.823558069,4.04181575775147,-3.97736167907715,-5.19922161102295,7.69334685987363
16.828312756,1.59457182884216,-3.15052938461304,-6.10304164886475,7.05092987402548
16.833067444,-0.680632591247559,-2.98417139053345,-6.14280223846436,6.86313040479557
16.837822131,-2.71457242965698,-3.09363079071045,-6.21298885345459,7.45256234044617
16.842576819,-4.09890842437744,-2.77709531784058,-5.27962255477905,7.23793637694724
16.847331506,-4.62959957122803,-2.97738885879517,-5.47415542602539,7.7630157950809
16.852086194,-5.27452564239502,-3.53836536407471,-4.88819313049316,8.0146791752987
16.856840829,-5.96235275268555,-3.64266109466553,-4.28281402587891,8.19518920942719
16.861595517,-7.10231494903564,-1.87201166152954,-3.75788640975952,8.25039487326838
16.866350204,-8.21635246276856,1.78499317169189,-3.06488704681397,8.94920002151911
16.871104892,-8.02596569061279,6.6330623626709,0.0717177391052246,10.4124341538411
16.875859579,-6.445725440979,12.1605091094971,3.1279091835022,14.1141480126461
16.880614267,-2.5251772403717,15.8890380859375,2.96441960334778,16.3592736689737
16.885368954,3.05987572669983,16.468879699707,2.38283085823059,16.9193593532736
16.890123642,7.06862640380859,14.7554559707642,0.622898101806641,16.3730559819178
16.894878277,7.63175439834595,10.443962097168,-3.58162331581116,13.4219240446411
16.899632913,6.43080902099609,4.47636985778809,-6.55855512619019,10.2180153215541
16.904387652,4.89058017730713,-1.12479114532471,-5.19931745529175,7.22605228269017
16.90914234,3.91180038452148,-5.18854093551636,-2.61190152168274,7.00322560302322
16.913897027,1.87553644180298,-6.84941101074219,-1.69976782798767,7.30214206980864
16.918651715,-1.98836922645569,-5.59882545471191,-2.70686793327332,6.52898098184008
16.923406402,-5.98953294754028,-2.72271203994751,-2.84756135940552,7.16911929582185
16.92816109,-9.34031295776367,0.181989669799805,-3.2555091381073,9.89307364458498
16.932915673,-12.5765027999878,2.53824615478516,-4.78503227233887,13.6933432757565
16.937670413,-15.7801828384399,4.17336177825928,-6.30743551254273,17.4989960195354
16.9424251,-18.0871162414551,4.68257236480713,-6.01421785354614,19.6275590503118
16.947179788,-18.5961265563965,3.92618465423584,-3.56953430175781,19.3383666314427
16.951934475,-17.5889663696289,2.21343803405762,-1.39647841453552,17.7826094217022
16.956689163,-15.6662216186523,0.252097129821777,-1.12190020084381,15.7083644224422
16.96144385,-13.4102535247803,-1.25556945800781,-2.28429198265076,13.661235087823
16.966198538,-11.3274669647217,-1.84693813323975,-3.84108924865723,12.1027540221648
16.970953173,-9.52213668823242,-1.57120037078857,-4.62197589874268,10.7005803077733
16.97570786,-7.65275955200195,-0.967308044433594,-4.87686061859131,9.12601682590767
16.980462548,-5.41133737564087,-0.186418533325195,-5.0709490776062,7.41834540920346
16.985217235,-2.83578276634216,0.704094886779785,-5.12821054458618,5.90219932712185
16.989971923,-0.560697734355927,1.68711757659912,-5.03708600997925,5.34162738671561
16.99472661,0.760418653488159,2.41822528839111,-4.9368143081665,5.54961130056012
16.999481298,1.20250773429871,2.742356300354,-4.64070749282837,5.52292576114625
17.004235933,1.06669366359711,2.53584098815918,-4.0163311958313,4.86818664019715
17.008990621,0.467415243387222,1.93562698364258,-3.20636224746704,3.7743724897707
17.013745308,-0.361002624034882,1.18354225158691,-2.52124738693237,2.80851981334738
17.018499996,-1.32243537902832,0.573639869689941,-1.75997817516327,2.27495521029639
17.023254683,-2.3465895652771,0.234746932983398,-1.11109817028046,2.60693840633281
17.028009371,-3.3060998916626,0.190445899963379,-0.97053849697113,3.45087106519025
17.032764058,-3.97380709648132,0.325672149658203,-1.09371984004974,4.13441994451782
17.037518746,-4.11586380004883,0.472873687744141,-1.17951190471649,4.30757387382748
17.042273381,-3.84757947921753,0.548335075378418,-1.44813585281372,4.14748558189062
17.047028069,-3.1814341545105,0.525793075561523,-1.64636480808258,3.62056607716075
17.051782756,-2.26850986480713,0.424437522888184,-1.7242192029953,2.88083600323595
17.056537444,-1.29078197479248,0.428350448608398,-1.78928732872009,2.24747666461534
17.061292131,-0.317757070064545,0.494406700134277,-1.90096843242645,1.9897458435176
17.066046819,0.497682183980942,0.457645416259766,-1.92523169517517,2.04050090991959
17.070801506,1.06976270675659,0.423328399658203,-1.81428492069244,2.14830839410368
17.075556194,1.31533896923065,0.348470687866211,-1.64448356628418,2.13444948969458
17.080310829,1.31371307373047,0.319175720214844,-1.37741267681122,1.93002094877368
17.085065517,1.05323791503906,0.266069412231445,-0.905701398849487,1.41435429142734
17.089820204,0.579943180084229,0.186838150024414,-0.41092848777771,0.734918232525244
17.094574892,0.0397667288780212,0.158011436462402,-0.0243240594863892,0.164744246177119
17.099329579,-0.385523855686188,0.22014045715332,0.330672383308411,0.553565433586384
17.104084267,-0.63125491142273,0.30379581451416,0.608550906181335,0.927959517180445
17.108838954,-0.66629433631897,0.385040283203125,0.763857066631317,1.08428860574225
17.113593642,-0.564688444137573,0.413704872131348,0.892320096492767,1.13413399330617
17.118348277,-0.40787860751152,0.382704734802246,0.884150564670563,1.04620748110156
17.123102965,-0.131409347057343,0.33750057220459,0.799159348011017,0.877399975066022
17.127857652,0.185535073280334,0.304398536682129,0.616013646125794,0.711726453607392
17.13261234,0.569084525108337,0.309667587280273,0.447169303894043,0.787217630439544
17.137367027,0.978574156761169,0.26966667175293,0.211583852767944,1.03686798623897
17.142121715,1.25634229183197,0.22035026550293,-0.102355122566223,1.27961977355321
17.14687635,1.37890887260437,0.288392066955566,-0.231734752655029,1.42767666466117
17.151631038,1.44199013710022,0.394783020019531,-0.183981776237488,1.5063327927047
17.156385725,1.40988421440125,0.443845748901367,-0.00501823425292969,1.47810612931232
17.161140413,1.41909718513489,0.430904388427734,0.164094805717468,1.49212684383316
17.1658951,1.4052426815033,0.487500190734863,0.473975419998169,1.56109452905567
17.170649788,1.31329822540283,0.463024139404297,0.776403665542603,1.59434821616399
17.175404475,1.26761066913605,0.374338150024414,0.81821072101593,1.55448854709729
17.180159163,1.38294672966003,0.281291007995605,0.900851726531982,1.67427599918658
17.184913798,1.60443520545959,0.23405933380127,1.04315519332886,1.92799607303195
17.189668485,1.76974201202393,0.191987991333008,1.09204173088074,2.08839683008847
17.194423173,1.93159484863281,0.124080657958984,1.08847260475159,2.22063668352999
17.19917786,2.05644011497498,0.0184345245361328,1.03491508960724,2.30224564737778
17.203932548,2.11547613143921,-0.0149803161621094,1.04137253761292,2.3579483528389
17.208687235,2.1348340511322,-0.0215768814086914,0.938498258590698,2.33211512774619
17.213441871,2.10491490364075,0.039276123046875,0.678790330886841,2.21200490024683
17.218196558,2.04959750175476,0.069453239440918,0.634875893592835,2.14679786471235
17.222951246,1.9616425037384,0.0665616989135742,0.665304183959961,2.07246264850056
17.227705933,1.84116625785828,-0.0290431976318359,0.650634288787842,1.95296228180449
17.232460621,1.6331090927124,-0.0977773666381836,0.626718997955322,1.75196530345916
17.237215308,1.35436272621155,-0.144475936889648,0.60772979259491,1.4914781900178
17.241969996,1.1388111114502,-0.102236747741699,0.608027100563049,1.29500581279403
17.246724683,0.971868574619293,-0.0118074417114258,0.711220026016235,1.20436782895378
17.251479371,0.886937439441681,0.102875709533691,0.78337287902832,1.18781922054349
17.256234006,0.745343327522278,0.244142532348633,0.721603393554688,1.06576437807483
17.260988694,0.645145297050476,0.411905288696289,0.726532936096191,1.0553333731077
17.265743381,0.715274214744568,0.520105361938477,0.743108153343201,1.15513484812846
17.270498069,0.871825575828552,0.609470367431641,0.821635484695435,1.34410521654994
17.275252756,1.05744528770447,0.677674293518066,1.04809594154358,1.63582947988588
17.280007444,1.31777334213257,0.774975776672363,1.28367304801941,1.99622907750479
17.284762079,1.58127474784851,0.939645767211914,1.44236218929291,2.33747142894292
17.289516767,1.89831280708313,1.05931282043457,1.64123272895813,2.72385389396646
17.294271454,2.14480137825012,1.14364719390869,1.93034422397614,3.10392182235907
17.299026142,2.39046359062195,1.18562793731689,2.24029684066772,3.48410099138089
17.303780829,2.78837108612061,1.16870021820068,2.54257678985596,3.9503886196487
17.308535517,3.33591651916504,1.06200408935547,2.70372772216797,4.42338505041846
17.313290204,4.1429557800293,0.849013328552246,2.76220679283142,5.05120704324239
17.31804484,4.99956321716309,0.639909744262695,2.85882925987244,5.79465456954211
17.322799527,5.72706985473633,0.46117115020752,3.05319881439209,6.50646070848188
17.327554215,6.27598571777344,0.473134994506836,2.88179755210876,6.92218250149931
17.332308902,6.91408729553223,0.553851127624512,3.22470664978027,7.64918866148222
17.33706359,7.41183090209961,0.629306793212891,3.45300102233887,8.20088290500333
17.341818277,7.67838001251221,0.687752723693848,3.25184988975525,8.36690212270925
17.346572965,7.83550500869751,0.796165466308594,2.93973183631897,8.40660701237625
17.3513276,7.83779811859131,1.04299163818359,2.62914705276489,8.33254613729661
17.356082288,7.70195293426514,1.40429592132568,2.28210496902466,8.15476113236521
17.360836975,7.44959783554077,1.85373401641846,2.15424752235413,7.97330672321651
17.365591663,7.03548431396484,2.34820556640625,2.13740086555481,7.71884650541913
17.37034635,6.62960338592529,2.68922996520996,2.32139778137207,7.52146837524525
17.375101038,6.16028070449829,2.85778045654297,2.43759727478027,7.21511247105886
17.379855725,5.79724502563477,3.02123832702637,2.35872554779053,6.94978540141635
17.38461036,5.64313411712647,3.17965030670166,2.00825309753418,6.78146143840251
17.389365048,5.77397918701172,3.45963573455811,1.79723072052002,6.96691849605382
17.394119735,6.03661108016968,3.83729553222656,2.1793999671936,7.47765301093042
17.398874423,6.03656911849976,4.31747436523438,2.53048753738403,7.84118095657388
17.40362911,5.86931896209717,4.89769077301025,2.69067001342773,8.10407213122035
17.408383746,5.71835613250732,5.49398803710938,2.97800493240356,8.47065610135986
17.413138433,5.82673120498657,6.13954162597656,3.48541879653931,9.15384684706559
17.417893121,6.10067176818848,6.88667774200439,4.10953950881958,10.0763505953267
17.422647808,6.50173950195313,7.70167064666748,4.63939189910889,11.0955984288597
17.427402496,7.12278938293457,8.46475696563721,5.01256465911865,12.1454536161806
17.432157183,8.1258716583252,8.94173717498779,5.35819625854492,13.2172130594621
17.436911871,9.39836978912354,9.10920333862305,5.53054237365723,14.2089351854497
17.441666506,10.739818572998,9.07321929931641,5.92916202545166,15.2585049647224
17.446421194,12.0144195556641,8.98775672912598,6.29183578491211,16.2700106277093
17.451175881,13.117133140564,8.83699226379395,6.06114435195923,16.9378004756498
17.455930569,13.9715976715088,8.69119262695313,4.97451448440552,17.1897691994068
17.460685256,14.3441925048828,8.79463577270508,3.26278591156006,17.1390562428727
17.465439944,14.0009021759033,9.30434894561768,1.23180341720581,16.8556670203131
17.470194631,13.194465637207,9.98197174072266,-1.19555234909058,16.5880387238347
17.474949267,12.4503183364868,10.5080337524414,-2.7330048084259,16.5196402898243
17.479703954,11.6760587692261,10.791482925415,-2.69389367103577,16.1258647899203
17.484458642,10.2585153579712,10.969334602356,-1.96279168128967,15.1464844156099
17.489213329,7.9895806312561,11.1687507629395,-1.20481491088867,13.7849907956989
17.493968017,5.63653421401978,11.3267154693604,-0.812378644943237,12.6777348265541
17.498722652,3.68522667884827,11.1661653518677,-1.14460444450378,11.8141552247346
17.50347734,2.4421067237854,10.8067245483398,-2.09960389137268,11.2764142002108
17.508232027,1.52579689025879,10.4307374954224,-3.28570342063904,11.0419286276054
17.512986715,1.19634342193604,9.52332210540772,-4.27754497528076,10.5082012029703
17.517741402,1.6537070274353,8.29054069519043,-4.66549015045166,9.65580707632246
17.52249609,2.31174755096436,6.90305519104004,-4.79575157165527,8.71754442758788
17.527250777,2.4355354309082,5.66015481948853,-4.78763055801392,7.80324238863673
17.532005465,1.6486611366272,4.8264651298523,-4.03597497940064,6.5039944055521
17.5367601,0.0061488151550293,4.29263210296631,-3.16985964775085,5.33617263268196
17.541514788,-2.19915008544922,3.85135841369629,-3.18330192565918,5.45917886490138
17.546269475,-4.36282539367676,3.24660348892212,-2.43140459060669,5.95704691212142
17.551024163,-5.40295171737671,2.28938341140747,-1.30439877510071,6.01120785110745
17.55577885,-5.43397665023804,1.40857696533203,-0.976251125335693,5.6978291973624
17.560533538,-4.98891019821167,0.921966075897217,-1.41049599647522,5.26580908949407
17.565288225,-4.43544912338257,0.882951259613037,-1.57798910140991,4.78987071403142
17.57004286,-4.28083515167236,1.28885889053345,-1.17854404449463,4.62338327421755
17.574797548,-4.3476734161377,2.25753784179688,-0.842890501022339,4.97083550695947
17.579552235,-4.34355163574219,3.14002561569214,-0.691468000411987,5.40410304076034
17.584306923,-4.29710817337036,3.62617921829224,-0.0689136981964111,5.62308309334123
17.58906161,-3.8712944984436,3.71261692047119,0.0623157024383545,5.36417083421279
17.593816298,-3.22436714172363,3.21811103820801,-0.331913471221924,4.56759769148311
17.598570933,-2.30389499664307,2.30484342575073,-0.39040470123291,3.28217172060331
17.603325621,-1.51558923721313,1.15309286117554,-0.416007518768311,1.94928092847646
17.608080308,-0.652581214904785,-0.175708293914795,-0.280579805374146,0.731751784268988
17.612834996,0.145914077758789,-1.55024194717407,-0.128876209259033,1.56241802670708
17.617589683,0.538514614105225,-2.80545473098755,-0.0489182472229004,2.85709069371917
17.622344371,0.454573154449463,-3.6884024143219,-0.170232534408569,3.72020540272885
17.627099006,0.289261341094971,-4.27225112915039,-0.3410325050354,4.29559134502685
17.631853694,0.0481734275817871,-4.57796287536621,-0.535533428192139,4.60943172420066
17.636608381,-0.363162994384766,-4.634108543396,-0.578768491744995,4.68420989276773
17.641363069,-0.917452335357666,-4.36224222183228,-0.697919845581055,4.5119805075427
17.646117756,-1.29858493804932,-4.15988779067993,-0.804507493972778,4.43150330928849
17.650872444,-1.79773664474487,-4.01781415939331,-0.685976505279541,4.45480094157702
17.655627131,-2.29956865310669,-4.05796241760254,-0.459210634231567,4.68678454589252
17.660381767,-2.78703546524048,-4.2608494758606,-0.192362546920776,5.09503761417986
17.665136454,-3.1091456413269,-4.59003925323486,0.0897135734558106,5.54466369498468
17.669891142,-3.31101894378662,-4.95175409317017,0.381360292434692,5.96893212542974
17.674645829,-3.41392517089844,-5.27862167358398,0.722528219223023,6.32777835206782
17.679400517,-3.43479537963867,-5.58250999450684,1.20825576782227,6.66499205845226
17.684155152,-3.30490064620972,-5.90385913848877,1.67130327224731,6.96930237801886
17.68890984,-3.02980613708496,-6.24475336074829,1.90185081958771,7.19678444201723
17.693664527,-2.71065235137939,-6.61193656921387,1.82429373264313,7.37518738665719
17.698419215,-2.49884223937988,-6.93818521499634,1.32726168632507,7.49294669665342
17.703173902,-2.31608581542969,-7.18492889404297,0.841922998428345,7.595807465449
17.70792859,-2.11274862289429,-7.4377555847168,0.545666217803955,7.75123644993365
17.712683225,-1.96300315856934,-7.5977988243103,0.424501180648804,7.85876132909102
17.717437913,-1.8879280090332,-7.64025974273682,0.320877552032471,7.8765984731466
17.7221926,-1.88679075241089,-7.62642335891724,0.294632911682129,7.86187771117486
17.726947288,-1.98020887374878,-7.57937049865723,0.321665048599243,7.84037963003573
17.731701975,-2.30815553665161,-7.44339513778687,0.227215766906738,7.79636711317109
17.736456663,-2.71693634986877,-7.22043895721436,0.0113997459411621,7.71470101937233
17.741211298,-3.20617008209229,-7.01538181304932,-0.239790678024292,7.71703363653639
17.745965985,-3.73492884635925,-6.76582050323486,-0.400053977966309,7.73860864462381
17.750720673,-4.31964206695557,-6.44525527954102,-0.615674257278442,7.78329480336823
17.75547536,-4.96055507659912,-6.09906244277954,-0.946584224700928,7.9184399374719
17.760230048,-5.59601879119873,-5.66021585464478,-1.34251356124878,8.07191504506572
17.764984735,-6.29615068435669,-5.18837261199951,-1.79365348815918,8.35331770236578
17.769739423,-6.96639060974121,-4.74070644378662,-2.18978977203369,8.70632384875235
17.774494058,-7.15350341796875,-4.4553804397583,-2.51887536048889,8.79589444545292
17.779248746,-7.04183578491211,-4.37687253952026,-2.92417621612549,8.79177291516502
17.784003433,-6.94831562042236,-4.2387866973877,-3.37427735328674,8.8109108657312
17.788758121,-6.97923183441162,-3.72022390365601,-3.98340725898743,8.85535297335752
17.793512808,-7.20080137252808,-3.11502933502197,-4.49519014358521,9.04221668572675
17.798267496,-6.34339332580566,-3.50057220458984,-4.16870880126953,8.35887418945906
17.803022131,-6.25770902633667,-3.78296995162964,-4.04406595230103,8.35609079293593
17.807776819,-6.37475919723511,-4.03141117095947,-3.74312973022461,8.42026430875907
17.812531506,-6.33482074737549,-4.15267896652222,-3.43767690658569,8.31819205202955
17.817286194,-6.06511640548706,-4.25925302505493,-2.94035196304321,7.97323917928717
17.822040881,-6.18826770782471,-3.86861515045166,-2.34105944633484,7.66429381856435
17.826795569,-6.72501802444458,-3.16803789138794,-2.01801085472107,7.70290200639644
17.831550204,-6.19580841064453,-2.45698308944702,-1.72789084911346,6.88552209710289
17.836304892,-6.16050338745117,-1.0837345123291,-2.08858036994934,6.59457735125977
17.841059579,-5.83140325546265,0.414868354797363,-2.86944246292114,6.51237896069075
17.845814267,-5.22058582305908,1.29002380371094,-3.10246539115906,6.20837895536396
17.850568954,-4.51201343536377,1.88352870941162,-3.16622447967529,5.82502558756406
17.855323642,-3.71508979797363,2.06600189208984,-2.89080047607422,5.14071818111025
17.860078277,-2.95824003219605,2.06166934967041,-2.06941795349121,4.15742170842572
17.864832965,-2.06196737289429,1.86980724334717,-1.39583826065063,3.11388070164069
17.869587652,-1.19077861309052,1.61381721496582,-1.27451395988464,2.3762881859435
17.87434234,-1.21365797519684,1.17564392089844,-1.39937365055084,2.19393503170908
17.879097027,-1.54802024364471,0.547345161437988,-1.79989552497864,2.43630402481331
17.883851663,-2.23717284202576,-0.24825382232666,-2.64633369445801,3.47414080138114
17.88860635,-1.16086626052856,-1.29631805419922,-2.12734842300415,2.74839267306087
17.893361038,0.479498147964478,-2.40996694564819,0.892534732818604,2.61428334392158
17.898115725,1.20015597343445,-3.27590465545654,3.35281753540039,4.83873031878205
17.902870413,0.839483499526978,-4.15414333343506,2.94565343856812,5.16125116234903
17.9076251,0.316288948059082,-4.89236164093018,1.77131545543671,5.2127535494188
17.912379788,0.579127073287964,-5.43587350845337,1.38619601726532,5.63964966688557
17.917134423,1.43068695068359,-5.71110820770264,0.695175290107727,5.92848132281119
17.92188911,2.06503462791443,-5.48680782318115,-0.862817347049713,5.92569674193487
17.926643798,1.94759964942932,-4.92824602127075,-2.56240034103394,5.88614039489028
17.931398485,0.995922803878784,-4.05667352676392,-4.12480640411377,5.8704761481034
17.936153173,-0.362603425979614,-2.42427825927734,-5.17778062820435,5.72870129756694
17.94090786,-0.039395809173584,-0.839381217956543,-4.24634075164795,4.32868601748206
17.945662496,0.974524736404419,-1.19203281402588,-4.70738840103149,4.95279176321238
17.950417183,-0.575131177902222,-2.71422052383423,-5.88512516021729,6.5063405286859
17.955171871,-2.04379415512085,-3.3031210899353,-6.89155101776123,7.91082668965054
17.959926558,-0.603532075881958,-2.31043386459351,-5.86746168136597,6.33478193717643
17.964681246,-1.53797161579132,1.06673336029053,-1.92540287971497,2.68522866850314
17.969435881,-4.1493034362793,4.834059715271,-4.23416614532471,7.64938005875894
17.974190569,-2.49445581436157,8.93491554260254,-2.89980459213257,9.71925368718174
17.978945256,1.55313968658447,14.2287311553955,2.52855563163757,14.5348762210365
17.983699944,5.43747329711914,19.4639549255371,6.44533920288086,21.2121204654419
17.988454631,8.80673503875732,21.7086791992188,5.50591945648193,24.0653378052072
17.993209319,9.15206527709961,19.3964061737061,-0.407771825790405,21.4510407475624
17.997963954,4.69207096099854,12.1622838973999,-5.54920530319214,14.1679341825467
18.002718642,-0.192687034606934,4.4458122253418,-2.38061118125916,5.04674986824593
18.007473329,-2.92304229736328,-1.40437698364258,1.77047657966614,3.69473115442871
18.012228017,-5.41616868972778,-4.73252439498901,1.10966360569,7.27756990640053
18.016982704,-9.52384567260742,-5.51932001113892,-0.0696570873260498,11.0077873294689
18.021737392,-14.3714189529419,-4.83214950561523,0.985221266746521,15.1940123900846
18.026492027,-18.4323425292969,-3.60746908187866,0.786494910717011,18.7985014971572
18.031246715,-20.82785987854,-2.42253875732422,-1.76293230056763,21.0422520526492
18.036001402,-20.808422088623,-1.69495582580566,-3.19371175765991,21.120205961608
18.04075609,-18.047384262085,-1.38416194915771,-1.79665327072144,18.1893360511054
18.045510777,-14.1290874481201,-1.08941650390625,-1.55592393875122,14.2561860165609
18.050265413,-10.6450538635254,-0.522785186767578,-4.3298487663269,11.5038283387802
18.0550201,-8.8822832107544,0.708645820617676,-7.43454933166504,11.6047256624226
18.059774788,-8.63845729827881,2.38131141662598,-8.79666137695313,12.5568642557734
18.064529475,-7.93278169631958,3.47920703887939,-7.35475921630859,11.3633793473036
18.069284163,-5.86840343475342,3.61151885986328,-5.37160110473633,8.73700897198683
18.07403885,-2.77749729156494,2.74374866485596,-5.44474792480469,6.69984536427628
18.078793485,0.687064945697784,1.44793128967285,-6.87087917327881,7.05532025304428
18.083548173,3.78522777557373,0.321376800537109,-7.25037384033203,8.18530104427866
18.08830286,5.32385063171387,-0.507423400878906,-6.96828651428223,8.78395588568654
18.093057548,4.75214862823486,-0.787922859191895,-6.31974983215332,7.94625553061777
18.097812235,2.99184083938599,-0.52776050567627,-4.5794529914856,5.49554660254973
18.102566871,0.898278832435608,-0.00932598114013672,-2.99210572242737,3.1240500138296
18.107321558,-1.20180416107178,0.485143661499023,-2.3339900970459,2.66968301245119
18.112076246,-3.06505799293518,0.936393737792969,-1.47732138633728,3.52900725569716
18.116830933,-4.53625583648682,1.25117301940918,-0.238792181015015,4.71169530469364
18.121585621,-5.5603232383728,1.4655876159668,0.402587234973907,5.76430551385228
18.126340308,-6.11355972290039,1.51761627197266,0.397556126117706,6.31164182347508
18.131094944,-6.10839366912842,1.3953857421875,0.190538287162781,6.26864255045885
18.135849631,-5.45966720581055,1.03453922271729,0.0134605169296265,5.55683530321528
18.140604319,-4.38812589645386,0.660038948059082,-0.39364755153656,4.45491399366078
18.145359006,-3.1547327041626,0.345907211303711,-1.17408263683319,3.38385287381974
18.150113694,-1.94575583934784,0.120644569396973,-1.75192558765411,2.6210234953465
18.154868381,-1.07862091064453,0.0175323486328125,-1.9507622718811,2.22917112253029
18.159623017,-0.629127025604248,0.0412445068359375,-2.02149939537048,2.11753671259155
18.164377704,-0.362763345241547,0.129548072814941,-2.08568835258484,2.12096106798992
18.169132392,-0.124228432774544,0.184370040893555,-2.03339242935181,2.04550966441959
18.173887079,0.0864309519529343,0.191349029541016,-1.86263048648834,1.87442713642264
18.178641767,0.140254721045494,0.16245174407959,-1.5282496213913,1.54324620887682
18.183396402,0.121264085173607,0.135971069335938,-1.03745985031128,1.05333567824187
18.18815109,0.0178984999656677,0.0832834243774414,-0.648170232772827,0.653743937432566
18.192905777,-0.00202691555023193,0.064234733581543,-0.36941385269165,0.374962403375896
18.197660465,-0.021771252155304,0.155223846435547,0.0472474098205566,0.163709338943775
18.202415152,-0.0339808464050293,0.305940628051758,0.558652877807617,0.637845909054717
18.20716984,-0.081738144159317,0.461413383483887,0.775513172149658,0.906092773862745
18.211924475,0.0284222066402435,0.581008911132813,0.786627769470215,0.978346781232362
18.216679163,0.360818326473236,0.576322555541992,0.842970073223114,1.08302174359298
18.22143385,0.647796154022217,0.516829490661621,0.880010068416596,1.20878877397919
18.226188538,0.796401143074036,0.416979789733887,0.93615859746933,1.29789053673717
18.230943225,0.754042148590088,0.358099937438965,0.801301598548889,1.15710819670468
18.235697913,0.762111365795136,0.323386192321777,0.523369669914246,0.979442787836355
18.240452548,0.913499534130096,0.317531585693359,0.3962482213974,1.04514131089028
18.245207235,1.08884334564209,0.357241630554199,0.414934635162354,1.21875845244552
18.249961923,1.13550591468811,0.401885986328125,0.447939157485962,1.2851208180976
18.25471661,1.04661059379578,0.389359474182129,0.46663761138916,1.21026658036315
18.259471298,0.948652923107147,0.314914703369141,0.518739223480225,1.12614564817109
18.264225933,0.970472157001495,0.231230735778809,0.582889437675476,1.15544102282963
18.268980621,1.15031576156616,0.162243843078613,0.687814354896545,1.35005111115328
18.273735308,1.38541877269745,0.182029724121094,0.756959557533264,1.589184623619
18.278489996,1.5804340839386,0.194924354553223,0.747337102890015,1.7590566059763
18.283244683,1.69260597229004,0.234375953674316,0.689916372299194,1.8427782465232
18.287999319,1.71970582008362,0.278860092163086,0.603855609893799,1.84385266662792
18.292753954,1.75015306472778,0.366602897644043,0.589531421661377,1.88281192147892
18.297508694,1.81956458091736,0.418722152709961,0.709171414375305,1.99726503005137
18.302263381,1.87528347969055,0.409060478210449,0.733529686927795,2.05477113217956
18.307018069,1.80752062797546,0.397427558898926,0.760558128356934,2.00088184352274
18.311772704,1.74066686630249,0.371832847595215,0.890375137329102,1.9902132275633
18.316527392,1.59370446205139,0.408812522888184,1.05121171474457,1.95245170502344
18.321282079,1.3690904378891,0.441425323486328,1.20252811908722,1.87492368392151
18.326036767,1.14780533313751,0.452946662902832,1.26799273490906,1.76930023964162
18.330791454,1.10165667533875,0.419467926025391,1.26675176620483,1.73039325254854
18.335546142,1.15161967277527,0.362532615661621,1.30388855934143,1.77701523440936
18.340300777,1.13068270683289,0.33714771270752,1.26445508003235,1.72943881451021
18.345055465,1.1011153459549,0.333751678466797,1.13187003135681,1.61399348073666
18.349810152,1.07466793060303,0.302057266235352,1.08045744895935,1.55355658157787
18.35456484,1.04655408859253,0.249302864074707,1.16757035255432,1.58765484490471
18.359319527,1.06693923473358,0.189908981323242,1.11840081214905,1.55731985424214
18.364074163,1.04969620704651,0.23865795135498,1.0839170217514,1.5276438900723
18.36882885,1.14533519744873,0.397757530212402,0.834531903266907,1.47188561543548
18.373583538,1.40410315990448,0.40888500213623,0.728367209434509,1.63377214457987
18.378338225,1.59913563728333,0.406108856201172,0.844051480293274,1.85326255314778
18.383092913,1.64718377590179,0.540125846862793,0.918662786483765,1.96185922973935
18.387847548,1.74427402019501,0.703281402587891,0.926119565963745,2.09637640685401
18.392602235,1.97139978408813,0.823780059814453,1.0766042470932,2.39251068973783
18.397356923,2.24245715141296,0.887362480163574,1.1667765378952,2.67906583280589
18.40211161,2.53387951850891,0.910929679870606,1.23970293998718,2.96432145277819
18.406866298,2.88166546821594,0.956714630126953,1.45305776596069,3.36610689453348
18.411620933,3.2168083190918,1.04393577575684,1.68961262702942,3.7805354772969
18.416375621,3.60148501396179,1.13916397094727,1.81799507141113,4.19207525435445
18.421130308,4.14794731140137,1.14927101135254,2.00809812545776,4.74960512434077
18.425884996,4.73907995223999,1.0625,2.25025653839111,5.3527039458852
18.430639683,5.3105845451355,0.936492919921875,2.28646755218506,5.8572400554605
18.435394371,5.93910789489746,0.898097991943359,2.13624548912048,6.37519626208901
18.440149006,6.64135074615479,0.935390472412109,2.08911418914795,7.0247343839201
18.444903694,7.31215953826904,1.01500225067139,2.30290222167969,7.73312778405893
18.449658381,7.60774612426758,1.06068229675293,3.29613828659058,8.35867068559838
18.454413069,7.36626052856445,0.860172271728516,4.10311794281006,8.47568683732163
18.459167756,6.98940992355347,0.581210136413574,3.89300537109375,8.02154268962662
18.463922392,7.09814977645874,0.493792533874512,3.71105194091797,8.02492790146694
18.468677079,7.67066478729248,0.571375846862793,3.8265278339386,8.59115148867099
18.473431767,8.17408752441406,0.818740844726563,3.54809856414795,8.94846617295467
18.478186454,8.31753540039063,1.19060230255127,3.41145610809326,9.06845972351636
18.482941142,8.13241291046143,1.66306495666504,3.58375382423401,9.04130611521581
18.487695777,7.79789876937866,2.1047191619873,3.61575865745544,8.84933775133924
18.492450465,7.54544448852539,2.43431282043457,3.54105496406555,8.68324142792791
18.497205152,7.32720518112183,2.85737419128418,3.45210409164429,8.58891993761862
18.50195984,7.13617515563965,3.38091850280762,3.38394713401794,8.5910828176909
18.506714527,6.82452487945557,4.0335636138916,3.67752027511597,8.73887467764055
18.511469163,6.36131191253662,4.85336971282959,3.9065113067627,8.90406184883375
18.51622385,5.94937229156494,5.78983497619629,4.12814617156982,9.27139744208354
18.520978538,6.00618076324463,6.75893688201904,4.93481016159058,10.3009604633172
18.525733225,6.30671787261963,7.74141025543213,5.96644115447998,11.6319621353236
18.530487913,6.78183650970459,8.63912010192871,6.33961391448975,12.6814197613951
18.5352426,7.64392948150635,9.54297828674316,6.06436538696289,13.6482460428469
18.539997235,9.0998649597168,10.3835391998291,6.15949678421021,15.1183606662285
18.544751923,10.7450075149536,10.9530200958252,6.26828384399414,16.5745352292255
18.54950661,12.2278747558594,11.111120223999,5.69575834274292,17.476257516301
18.554261298,13.1947193145752,10.9258995056152,4.31050872802734,17.6651176982104
18.559015985,13.5859222412109,10.5035972595215,2.61015868186951,17.3699673827845
18.563770621,13.2502994537354,10.2343235015869,0.996748924255371,16.7721591206021
18.568525308,12.8008403778076,10.1629638671875,-0.168905019760132,16.3455155271888
18.573279996,12.3294506072998,10.1212520599365,-0.948745012283325,15.9798376911953
18.578034683,11.8554363250732,10.0032606124878,-1.77769470214844,15.6133529964983
18.582789371,10.9425563812256,9.94490051269531,-3.07426142692566,15.1027040520826
18.587544006,9.52431011199951,10.0151443481445,-4.53705215454102,14.5464924183369
18.592298694,7.8385910987854,10.0867938995361,-5.10952281951904,13.758420877007
18.597053381,6.25160932540894,10.0754995346069,-4.52696084976196,12.692189904216
18.601808069,4.57047319412231,10.0786027908325,-3.06099796295166,11.4820367514985
18.606562756,2.60745573043823,9.93942260742188,-2.54467105865479,10.5861370646653
18.611317392,0.489814281463623,9.82326126098633,-2.80147337913513,10.2266628440525
18.616072079,-0.847530841827393,9.59364986419678,-3.53892946243286,10.26062610101
18.620826767,-1.01894426345825,8.75189018249512,-4.08856630325317,9.7134032961978
18.625581454,-1.04224586486816,7.89322710037231,-4.71895360946655,9.25515173669152
18.630336142,-0.947046756744385,6.83539533615112,-4.09056568145752,8.02198569901833
18.635090777,-1.15460777282715,5.63309526443481,-3.02820992469788,6.49884118249627
18.639845465,-2.26730346679688,4.43664884567261,-3.8847291469574,6.31788244078485
18.644600152,-3.81318378448486,3.25107765197754,-3.70543360710144,6.23218378179614
18.64935484,-5.21356630325317,2.01420116424561,-2.27888989448547,6.03586108849875
18.654109527,-5.77691459655762,0.870675563812256,-1.23711133003235,5.97170516990203
18.658864163,-5.54849195480347,0.0864100456237793,-1.09514951705933,5.65619855850365
18.66361885,-5.15309000015259,-0.157928466796875,-1.10988140106201,5.27362443436398
18.668373538,-5.09688520431519,0.319000244140625,-0.951589345932007,5.19475911135638
18.673128225,-5.70188474655151,1.39283132553101,-0.443902969360352,5.88629922876371
18.67788286,-6.52266216278076,2.70260763168335,0.573360919952393,7.08363977381216
18.682637548,-6.64249897003174,3.62638187408447,1.31501984596252,7.68132249413058
18.687392235,-5.83630609512329,3.74469947814941,1.59559392929077,7.11555781403084
18.692146923,-4.76227951049805,3.19956207275391,1.5479850769043,5.9424541556358
18.69690161,-3.67564535140991,2.21332883834839,2.05382704734802,4.75682655101321
18.701656298,-2.51797342300415,0.945059299468994,1.89227426052094,3.28846911426854
18.706410881,-1.31469631195068,-0.550591945648193,1.70243537425995,2.22032972479337
18.711165621,-0.221877574920654,-2.01547241210938,1.31182813644409,2.41500554073754
18.715920308,0.598058700561523,-3.30856323242188,0.824725151062012,3.46185448091705
18.720674996,1.13146209716797,-4.40844917297363,0.51190710067749,4.58003050947739
18.725429631,1.23594331741333,-5.06709766387939,0.143295526504517,5.21762093554782
18.730184319,1.19218111038208,-5.43185615539551,-0.182331562042236,5.56413532288501
18.734939006,0.82392692565918,-5.44528532028198,-0.255332469940186,5.51318260792352
18.739693694,0.535812854766846,-5.06985282897949,-0.0875716209411621,5.09884025162968
18.744448329,0.022209644317627,-4.65325927734375,0.17439866065979,4.65657922334908
18.749203069,-1.0557746887207,-4.25608777999878,0.329395294189453,4.39743614441784
18.753957704,-2.1914963722229,-4.04424667358398,0.251534461975098,4.60671869032855
18.758712392,-2.84055280685425,-4.1137866973877,0.190380811691284,5.00282181309626
18.763467079,-3.09118461608887,-4.39963817596436,0.623757362365723,5.41306859897904
18.768221767,-3.25773239135742,-4.68079376220703,1.41473793983459,5.8757241269841
18.772976402,-3.38921689987183,-4.98732662200928,2.13129806518555,6.39551792051613
18.77773109,-3.4875283241272,-5.31133127212524,2.52205896377563,6.83621789519659
18.782485777,-3.51439476013184,-5.63095664978027,2.51766562461853,7.09910441669459
18.787240465,-3.54676580429077,-5.97465705871582,2.15931677818298,7.27590019092426
18.791995152,-3.52562856674194,-6.29229021072388,1.71736633777618,7.41433206868462
18.796749788,-3.38944721221924,-6.61474847793579,1.58373832702637,7.59943925031755
18.801504475,-3.25793600082397,-6.93180847167969,1.66735053062439,7.8386333927215
18.806259163,-3.2909255027771,-7.21387577056885,1.69330358505249,8.10786478236907
18.81101385,-3.43543910980225,-7.38832569122314,1.63353276252747,8.3101159849305
18.815768538,-3.63847589492798,-7.50706577301025,1.60056865215302,8.4944901770812
18.820523173,-3.88743209838867,-7.56459999084473,1.56072497367859,8.64703207953657
18.82527786,-4.14118671417236,-7.56511068344116,1.4732586145401,8.74933243165842
18.830032548,-4.43494749069214,-7.56530380249023,1.34526777267456,8.87199674534242
18.834787235,-4.76103115081787,-7.43554019927979,1.27475440502167,8.92074405345686
18.839541923,-5.08092212677002,-7.18746709823608,1.23056888580322,8.88761794460329
18.84429661,-5.45910167694092,-6.87578296661377,1.12918126583099,8.85173614915508
18.849051246,-5.95547294616699,-6.44287729263306,0.765439629554749,8.80705533347818
18.853805933,-6.46791076660156,-5.85748672485352,0.157350063323975,8.72747268451662
18.858560621,-6.86817455291748,-5.24851036071777,-0.552992105484009,8.66166744712776
18.863315308,-6.88946151733398,-4.75663471221924,-1.04480314254761,8.43693471534492
18.868069944,-6.63982582092285,-4.47199583053589,-1.41847014427185,8.13007325863149
18.872824631,-6.35093498229981,-4.3268027305603,-1.90815830230713,7.91812257579075
18.877579319,-6.0630989074707,-4.24139261245728,-2.54182720184326,7.82377563448812
18.882334006,-5.74499988555908,-4.17689561843872,-3.11075115203857,7.75424099588836
18.887088642,-5.38916397094727,-4.03471517562866,-3.43944382667542,7.55988020348603
18.891843329,-5.08594989776611,-3.8192253112793,-3.61812877655029,7.31739189770542
18.896598017,-4.78226804733276,-3.5181736946106,-3.44792819023132,6.86555479382269
18.901352704,-4.43213558197022,-3.22694206237793,-3.36849737167358,6.4345750002531
18.906107392,-4.59405279159546,-2.34311866760254,-3.7833845615387,6.39605541587336
18.910862392,-4.34334564208984,-1.97142601013184,-4.23681259155273,6.37979253706772
18.915616715,-2.82621383666992,-2.60572195053101,-3.71936416625977,5.34891964188291
18.920371402,-2.23974227905273,-2.54336023330688,-3.28921461105347,4.722717386263
18.92512609,-2.17454671859741,-1.99354362487793,-2.99842286109924,4.20635344088164
18.929880777,-2.91815567016602,-1.21577548980713,-3.31223344802856,4.57871520966057
18.934635465,-3.6982250213623,-0.357125282287598,-2.96403861045837,4.75288666603436
18.9393901,-4.59006118774414,0.782046318054199,-2.49216866493225,5.28120846069226
18.944144788,-5.16105937957764,2.05477619171143,-2.20194315910339,5.9755495808731
18.948899475,-5.14992332458496,2.93935966491699,-1.39917135238647,6.09255496176966
18.953654163,-4.51810455322266,3.58628749847412,-0.944600701332092,5.84525425114427
18.958408798,-3.5306601524353,3.11593723297119,-0.610396921634674,4.74839029079874
18.963163485,-3.65379905700684,2.5661153793335,-0.766821265220642,4.53025501951386
18.967918173,-4.11076021194458,1.84556102752686,-1.20884037017822,4.66537673366313
18.97267286,-4.7861909866333,1.17114448547363,-2.87300252914429,5.70380110968595
18.977427548,-3.53160810470581,-0.0104217529296875,-4.4120979309082,5.65145756155723
18.982182183,-1.03278565406799,-1.27049446105957,0.157992243766785,1.64492064608666
18.986936871,1.32451820373535,-3.26149702072144,6.43760442733765,7.33719715225633
18.991691558,1.04680776596069,-4.61184549331665,7.48411178588867,8.85307034744322
18.996446246,-0.0370900630950928,-5.51051902770996,5.7506537437439,7.96474821372086
19.001200881,0.0826818943023682,-6.12567520141602,4.99383211135864,7.90373912305595
19.005955569,1.78898096084595,-6.50619602203369,4.77520036697388,8.26641265000386
19.010710256,3.97792744636536,-6.47648239135742,2.86460757255554,8.12248160840344
19.015464944,5.2448034286499,-5.88218688964844,-0.337916731834412,7.888109616859
19.020219631,4.70122480392456,-4.85992002487183,-3.3760724067688,7.55765851311975
19.024974267,2.85675072669983,-3.84395933151245,-5.01641988754273,6.93552568627323
19.029728954,1.01116347312927,-3.33419132232666,-5.37059354782105,6.40176213234812
19.034483642,-0.35286808013916,-3.46686172485352,-4.99430656433106,6.08988868204959
19.039238329,-1.3259220123291,-4.03459215164185,-4.5004997253418,6.18793186700293
19.043993017,-2.35382270812988,-4.57017278671265,-4.13251543045044,6.59580506266125
19.048747652,-3.6074709892273,-4.73342418670654,-4.20024299621582,7.28431140854612
19.05350234,-4.96001243591309,-3.65133666992188,-4.26965761184692,7.49426173575029
19.058257027,-5.27549171447754,-1.54753541946411,-3.6015510559082,6.57243095911479
19.063011715,-4.87540626525879,-0.274828910827637,-4.82484912872314,6.86471312557865
19.067766402,-5.40558099746704,0.229717254638672,-5.52388572692871,7.73216589717411
19.072521038,-6.0038595199585,1.31618499755859,-7.12570953369141,9.41033519284702
19.077275725,-5.65671586990356,3.21024608612061,-8.05959510803223,10.3566977203976
19.082030413,-5.31936168670654,5.33720588684082,-5.74108409881592,9.47319492368899
19.0867851,-4.93024635314941,6.65146636962891,-3.23900580406189,8.89047201040496
19.091539735,-2.42853116989136,5.9091329574585,-3.28839635848999,7.18534387225735
19.096294423,3.33309197425842,4.80981826782227,-1.08024537563324,5.95069608952765
19.10104911,9.47387218475342,5.34349250793457,3.80959033966064,11.5247622496706
19.105803798,10.7787570953369,8.47407341003418,5.78851985931397,14.882825230466
19.110558485,10.158332824707,12.3749046325684,4.17085933685303,16.5446685687715
19.115313121,8.78071212768555,14.9900417327881,0.160650387406349,17.3731996237592
19.120067808,4.44452476501465,15.6243152618408,-2.10380697250366,16.3798361275617
19.124822496,-1.83158051967621,13.4910173416138,-1.52127552032471,13.6995078495733
19.129577183,-7.98353004455566,10.0600557327271,-1.2433979511261,12.9030039829011
19.134331819,-11.2996788024902,5.85023403167725,0.0440337732434273,12.7243828234625
19.139086506,-12.2382411956787,1.56081581115723,3.97655034065247,12.9623935355979
19.143841194,-14.5978870391846,-1.07997989654541,5.91980791091919,15.7895151378349
19.148595881,-18.5152606964111,-2.96664190292358,3.47522926330566,19.0707383514321
19.153350569,-20.2959823608398,-5.43196296691895,1.51009035110474,21.0645079347703
19.158105204,-19.0218925476074,-7.88196468353272,1.06745994091034,20.6178862663132
19.162859892,-15.4588451385498,-8.96442699432373,-0.975988924503326,17.8966309325241
19.167614579,-10.5101175308228,-7.97451210021973,-5.39050388336182,14.2517699204273
19.172369267,-5.87903881072998,-5.78348827362061,-10.4838008880615,13.338737384389
19.177123954,-3.22222852706909,-3.22593927383423,-14.1878147125244,14.9024671513159
19.18187859,-2.4086811542511,-0.22456169128418,-14.5233697891235,14.7234657227048
19.186633225,-2.20892834663391,2.7252197265625,-11.4469194412231,11.9723912270048
19.191387965,-1.7514910697937,4.67041873931885,-8.69084072113037,10.020541133502
19.196142652,-1.22629702091217,5.11783218383789,-8.66582202911377,10.1386627365594
19.200897288,-0.410129487514496,4.23133563995361,-8.49396133422852,9.49840969014496
19.205651975,0.133711606264114,2.60234451293945,-6.48035860061646,6.98463480435874
19.210406663,-0.0731609836220741,0.944116592407227,-4.7265043258667,4.82043066665415
19.21516135,-0.732929944992065,-0.346094131469727,-3.9799690246582,4.06166479283343
19.219915985,-1.31713759899139,-0.998427391052246,-3.21917200088501,3.61867062346965
19.224670673,-1.94578087329865,-0.791459083557129,-2.44646644592285,3.22454163546795
19.22942536,-2.7411744594574,0.154088973999023,-2.12636375427246,3.4726364112261
19.234180048,-3.39077043533325,1.36874389648438,-1.84817945957184,4.09713940622925
19.238934735,-3.82764649391174,2.46488761901855,-1.92082846164703,4.94126812021156
19.243689371,-4.08464241027832,3.27278709411621,-2.0605902671814,5.62507522016023
19.248444058,-4.25181245803833,3.62778854370117,-1.87608587741852,5.89563034081926
19.253198746,-4.50521039962769,3.30578231811523,-1.6642552614212,5.83051138879301
19.257953433,-4.74196338653564,2.48205089569092,-1.55159902572632,5.57263429130959
19.262708121,-4.70270681381226,1.39856338500977,-1.02865409851074,5.01293927481165
19.267462756,-4.29299974441528,0.311429023742676,-0.589570283889771,4.34447096457381
19.272217444,-3.66643905639648,-0.437511444091797,-0.668149590492249,3.75241462171437
19.276972131,-2.84216165542603,-0.810393333435059,-0.811689019203186,3.06487508625474
19.281726819,-1.96108651161194,-0.843499183654785,-0.900367140769959,2.31689709893013
19.286481454,-1.32410144805908,-0.618447303771973,-0.986493229866028,1.7632046406661
19.291236142,-0.909343898296356,-0.326730728149414,-1.13452923297882,1.49024020700334
19.295990829,-0.628082394599915,-0.095123291015625,-1.08408749103546,1.25649577123028
19.300745517,-0.539816498756409,0.0405340194702148,-0.862042665481567,1.01792063353417
19.305500152,-0.510473847389221,0.0540685653686523,-0.705153346061707,0.872208805327829
19.31025484,-0.365585684776306,0.0125417709350586,-0.639524221420288,0.736750581075288
19.315009527,-0.147883057594299,-0.00989151000976563,-0.681849956512451,0.697772601848012
19.319764215,0.142936170101166,0.020197868347168,-0.581184029579163,0.598843534528705
19.324518902,0.347292125225067,0.126659393310547,-0.416707158088684,0.557045130810321
19.329273538,0.413119494915009,0.292710304260254,-0.425008416175842,0.661044017535338
19.334028225,0.43613189458847,0.456164360046387,-0.433718323707581,0.765773163001663
19.338782913,0.569215714931488,0.607438087463379,-0.371238470077515,0.911485360217939
19.3435376,0.767020344734192,0.672464370727539,-0.297519445419312,1.062565931854
19.348292288,0.917256116867065,0.665667533874512,-0.141028523445129,1.14208629008921
19.353046923,1.02024078369141,0.603896141052246,-0.0858416557312012,1.18867598433876
19.35780161,1.05199456214905,0.480125427246094,-0.0453857183456421,1.15726956587874
19.362556298,1.0983190536499,0.308780670166016,0.13349711894989,1.14868260483326
19.367310985,1.12306177616119,0.113828659057617,0.2955082654953,1.16685468318606
19.372065621,1.12371551990509,-0.0544910430908203,0.326176762580872,1.17136549543703
19.376820308,1.18422567844391,-0.162717819213867,0.424057483673096,1.26834234165497
19.381574996,1.26184928417206,-0.172660827636719,0.612928152084351,1.41342007095671
19.386329683,1.31866478919983,-0.1441650390625,0.758744597434998,1.52818642478597
19.391084371,1.35962200164795,-0.0700693130493164,0.825805425643921,1.59230534038523
19.395839006,1.46844148635864,-0.0627193450927734,0.859632611274719,1.70271029287869
19.400593694,1.63541054725647,-0.050358772277832,0.979672431945801,1.90705577735357
19.405348381,1.7432861328125,-0.0544910430908203,0.934978127479553,1.97893908786972
19.410103017,1.87568831443787,-0.0846586227416992,0.847610712051392,2.06005282808659
19.414857704,2.05177879333496,-0.13841724395752,0.853850603103638,2.22666036984186
19.419612392,2.2047905921936,-0.182221412658691,0.850953578948975,2.37032238148797
19.424367079,2.24651002883911,-0.173056602478027,0.817343473434448,2.39683254544447
19.429121767,2.15769577026367,-0.199411392211914,0.851093769073486,2.32804135360894
19.433876454,2.11757588386536,-0.256458282470703,0.854213833808899,2.29773361128884
19.43863109,2.01379680633545,-0.262819290161133,0.810393571853638,2.18659308006528
19.443385777,1.9203577041626,-0.261604309082031,0.690905094146729,2.05756175498691
19.448140465,1.82274913787842,-0.197934150695801,0.581592082977295,1.92349725724526
19.4528951,1.7398978471756,-0.136447906494141,0.522980213165283,1.82191406305438
19.457649788,1.66950750350952,-0.117728233337402,0.378844857215881,1.71599494959579
19.462404475,1.59246265888214,-0.0747909545898438,0.280794620513916,1.61875774152033
19.467159475,1.4036717414856,0.0186395645141602,0.267012000083923,1.42896368022399
19.47191385,1.10802555084229,0.105114936828613,0.291818976402283,1.15062073953684
19.476668485,0.77016818523407,0.139205932617188,0.481616020202637,0.918962086344365
19.481423173,0.418886065483093,0.159182548522949,0.620931506156921,0.765741833092897
19.48617786,0.187953948974609,0.179393768310547,0.764779686927795,0.807710827326949
19.490932548,0.146552443504334,0.20464038848877,0.793714642524719,0.832669346773417
19.495687183,0.335184693336487,0.316143989562988,0.843877911567688,0.961470608191285
19.500441871,0.653500914573669,0.451688766479492,0.946122884750366,1.23540871785848
19.505196558,0.996501922607422,0.613718032836914,1.00007927417755,1.53942341811114
19.509951246,1.3523280620575,0.752082824707031,0.881661057472229,1.7809396348306
19.514705881,1.7784571647644,0.883514404296875,0.817798852920532,2.14762719142314
19.519460569,2.30593919754028,0.93635368347168,0.92306661605835,2.65446148606174
19.524215256,2.86306810379028,0.929902076721191,1.12335431575775,3.21306734413757
19.528969944,3.36884069442749,0.861997604370117,1.36147570610046,3.73440003115256
19.533724631,3.83771753311157,0.763855934143066,1.589719414711,4.22359557362996
19.538479267,4.28663444519043,0.599831581115723,1.78694558143616,4.68275637882338
19.543233746,4.78021430969238,0.465649604797363,2.14436984062195,5.25980992188927
19.547988642,5.0868034362793,0.359016418457031,1.99049270153046,5.47416872072012
19.552743329,5.44810485839844,0.301555633544922,2.17692279815674,5.87467234978785
19.557497965,5.89053535461426,0.202507019042969,2.67694139480591,6.47344043673436
19.562252652,6.21572637557983,0.121829986572266,2.5179271697998,6.70746257195097
19.56700734,6.49544906616211,0.181561470031738,2.34880805015564,6.90946614399276
19.571762027,6.62206506729126,0.376730918884277,2.17897796630859,6.98151967112755
19.576516663,6.58620309829712,0.709675788879395,1.5975866317749,6.81424933674767
19.58127135,6.37374305725098,1.16831874847412,0.999251008033752,6.55652894716005
19.586026038,5.93465423583984,1.68544483184814,0.760744094848633,6.21607406310627
19.590780725,5.35494518280029,2.11516284942627,0.649669528007507,5.79408511207858
19.595535413,4.67505264282227,2.40730667114258,0.584418416023254,5.29082106171378
19.600290048,3.95678186416626,2.58105945587158,0.701048612594605,4.77592501957055
19.605044735,3.29302597045898,2.65081596374512,0.760260105133057,4.29521137352054
19.609799423,2.87721705436707,2.66919803619385,0.69005823135376,3.98486844162023
19.61455411,2.69729781150818,2.66954803466797,0.740506768226624,3.86655563352655
19.619308746,2.73677968978882,2.76430416107178,0.801053524017334,3.97152707578583
19.624063433,2.90004801750183,2.94623279571533,0.814012169837952,4.21345250394604
19.628818121,3.22268891334534,3.20563507080078,0.913088917732239,4.63632951924605
19.633572808,3.63993811607361,3.49943923950195,0.973922848701477,5.14234870414622
19.638327496,4.10840320587158,3.8467493057251,0.870179891586304,5.69505664298728
19.643082131,4.62314176559448,4.19497108459473,0.733604788780212,6.28565017889885
19.647836819,5.1264910697937,4.62291526794434,0.800871729850769,6.9493634090427
19.652591506,5.63730955123901,5.08992385864258,1.11759901046753,7.67695326359797
19.657346194,6.23665809631348,5.47416973114014,1.63849067687988,8.45855130349551
19.662100829,6.88625049591064,5.80214309692383,2.35384607315063,9.30730367752643
19.666855517,7.38060283660889,5.93287086486816,2.78984951972961,9.87195600039304
19.671610204,7.79879665374756,5.84747982025147,3.19277191162109,10.2570971514551
19.676364892,8.26287364959717,5.62046146392822,3.66315603256226,10.6434665469295
19.681119527,8.75404739379883,5.37899780273438,4.24177360534668,11.1157368830732
19.685874215,9.24176597595215,5.24289035797119,4.94969797134399,11.7216742689558
19.690628902,9.73592758178711,5.17858695983887,5.13594150543213,12.1648651421065
19.69538359,10.2676343917847,5.15020561218262,4.86534023284912,12.4747933623165
19.700138225,10.7818222045898,5.12905502319336,4.17883682250977,12.6498052424334
19.704892913,11.1113548278809,5.16072607040405,3.21067404747009,12.6650593178207
19.7096476,11.1488189697266,5.16200685501099,2.0531759262085,12.4562438389298
19.714402288,11.0402784347534,5.26774215698242,0.776000261306763,12.2572032599153
19.719156923,11.1755466461182,5.68191480636597,-0.100110054016113,12.5374248045314
19.72391161,11.1341676712036,6.45727300643921,-0.621008157730103,12.8861055226989
19.728666298,10.6291656494141,7.64310312271118,-1.46218419075012,13.1732368973901
19.733420985,9.83647155761719,9.03668975830078,-2.88784122467041,13.6659270241903
19.738175621,9.09598064422607,10.2437686920166,-4.27028703689575,14.3494603478025
19.742930308,8.62998867034912,11.0161561965942,-4.95118522644043,14.8440775039959
19.747684996,8.25501823425293,11.2688798904419,-4.88226413726807,14.7976174818485
19.752439683,7.69734048843384,11.0464286804199,-4.53332996368408,14.2064674619035
19.757194319,7.08031988143921,10.3746118545532,-4.09018516540527,13.2095842267439
19.761949006,6.39585494995117,9.37090969085693,-3.42536449432373,11.8513303427921
19.766703694,5.440110206604,8.19418334960938,-2.31867623329163,10.1052312839363
19.771458381,4.01199340820313,7.02711534500122,-2.0555694103241,8.34876079308044
19.776213069,2.25913667678833,5.83625888824463,-3.51741623878479,7.17898553640357
19.780967704,1.13411235809326,4.59681940078735,-5.6823787689209,7.3963766749482
19.785722392,1.05654335021973,3.35364627838135,-6.43313074111939,7.33132991644284
19.790477079,1.37002038955688,2.05273199081421,-5.75988388061523,6.26633280412754
19.795231767,1.08642911911011,0.927802085876465,-4.31784629821777,4.54807009581427
19.799986402,-0.435039043426514,0.243800163269043,-3.1200532913208,3.15965663159737
19.80474109,-2.7619366645813,0.197362899780273,-2.9970223903656,4.08036633915644
19.809495777,-4.44367218017578,0.724856376647949,-4.01891803741455,6.0351753415366
19.814250465,-4.66168832778931,1.5060396194458,-4.49338245391846,6.6475543832277
19.819005152,-4.01602649688721,2.53009510040283,-3.71194171905518,6.02564198790841
19.823759788,-3.81021738052368,3.67421531677246,-2.03309798240662,5.67019418423355
19.828514475,-4.29397249221802,4.90801048278809,-0.6993727684021,6.55864993213277
19.833269163,-4.56048774719238,5.50902271270752,0.231786489486694,7.15549472210886
19.838023798,-4.21581983566284,5.46063756942749,0.971346139907837,6.96672181696134
19.842778485,-3.48005676269531,4.75949048995972,1.48247838020325,6.07957950382824
19.847533173,-2.51743221282959,3.47793531417847,1.68921673297882,4.61377851297366
19.85228786,-1.74749612808228,1.93300580978394,1.69622838497162,3.10925150354622
19.857042548,-1.15175819396973,0.296191215515137,1.36719858646393,1.81204529423348
19.861797183,-0.563264846801758,-1.3759126663208,0.789864540100098,1.68353465800148
19.866551871,-0.0848593711853027,-2.89551305770874,0.0864133834838867,2.89804490184071
19.871306558,0.161952495574951,-4.1086597442627,-0.545707941055298,4.14790436990519
19.876061246,0.251810550689697,-4.88573455810547,-0.85737156867981,4.96677931183631
19.880815881,0.30955696105957,-5.34612512588501,-0.858764171600342,5.42350027898809
19.885570569,0.350248336791992,-5.48034954071045,-0.410755634307861,5.50687072455006
19.890325256,0.126296043395996,-5.32215023040772,0.299818992614746,5.3320845073891
19.895079944,-0.328233242034912,-4.96776247024536,1.11315822601318,5.10152156303351
19.899834579,-0.929589748382568,-4.50628280639648,1.43055391311646,4.81842363536617
19.904589267,-1.3719596862793,-4.0433988571167,1.21809101104736,4.44016817358336
19.909343954,-1.72018098831177,-3.85185790061951,1.21118068695068,4.38893957301265
19.914098642,-2.19327449798584,-3.52516841888428,1.33281254768372,4.36046496285399
19.918853277,-2.45112085342407,-3.39306712150574,1.37577366828918,4.40609249965221
19.923607965,-3.01923990249634,-3.05587935447693,1.33930134773254,4.49977069615582
19.928362652,-2.96754264831543,-2.97242784500122,0.983930110931397,4.31390254021889
19.93311734,-3.32866764068604,-3.12978792190552,0.997992038726807,4.67670704744461
19.937871975,-3.41576242446899,-3.37629127502441,1.26155781745911,4.96571282305093
19.942626663,-3.49099683761597,-3.64869570732117,1.50874698162079,5.27032795368736
19.94738135,-3.75659990310669,-3.73586654663086,1.53611373901367,5.5161931715127
19.952136038,-3.98989677429199,-3.75467371940613,1.35832047462463,5.64463333800249
19.956890673,-4.08844327926636,-3.79573106765747,1.19345569610596,5.70502228604991
19.96164536,-4.10540056228638,-3.80616521835327,1.07312726974487,5.70024644934705
19.966400048,-4.03183126449585,-3.79051923751831,1.06243801116943,5.63493335922797
19.971154735,-3.85403633117676,-3.71265172958374,1.15243351459503,5.47407361229034
19.975909371,-3.5749659538269,-3.69637870788574,1.18873298168182,5.27794308655093
19.980664058,-3.26662254333496,-3.70047378540039,1.1530841588974,5.06891824303369
19.985418746,-2.97928953170776,-3.76260995864868,1.05825817584991,4.91460173171936
19.990173433,-2.81325960159302,-3.85106563568115,0.706857800483704,4.82128448303813
19.994928069,-2.82094383239746,-3.9102578163147,0.172054052352905,4.824670236661
19.999682756,-2.96408295631409,-3.87052965164185,-0.446893453598022,4.89555934649139
20.004437444,-3.15193676948547,-3.69342613220215,-1.03407120704651,4.96441388827633
20.009192131,-3.2959201335907,-3.3406023979187,-1.55318450927734,4.94318682914654
20.013946767,-3.33375668525696,-2.8647952079773,-2.08365488052368,4.86442215286413
20.018701454,-3.15514516830444,-2.40001535415649,-2.53608322143555,4.70603153828241
20.023456142,-3.13489651679993,-1.83871507644653,-2.67796993255615,4.51441826408131
20.028210829,-3.33752250671387,-1.25522422790527,-2.52525568008423,4.36938904138092
20.032965465,-2.30338144302368,-1.82292032241821,-2.00242614746094,3.55504079441944
20.037720152,-2.25930070877075,-2.04603910446167,-2.03927445411682,3.66733636429109
20.04247484,-2.19313311576843,-2.36186265945435,-2.0027871131897,3.79465206657523
20.047229527,-2.37726974487305,-2.60023927688599,-2.10886120796204,4.10608710713697
20.051984163,-2.50025987625122,-2.519700050354,-2.43325662612915,4.30359449775965
20.05673885,-2.30350637435913,-2.22576856613159,-3.18674278259277,4.51835333823062
20.061493538,-2.58402991294861,-1.64222049713135,-3.57262134552002,4.70507407281509
20.066248225,-2.98680639266968,-0.841108322143555,-3.30816268920898,4.53568253024239
20.07100286,-3.32470703125,-0.188215255737305,-3.05369806289673,4.51820469716398
20.075757548,-3.76663160324097,0.362142562866211,-3.13402676582336,4.91332724732133
20.080512235,-4.1802830696106,0.716921806335449,-3.27150893211365,5.3564460336469
20.085266923,-4.51727485656738,0.682793617248535,-3.00942969322205,5.47070802839795
20.090021558,-4.89182662963867,0.857602119445801,-2.90423560142517,5.75326286539259
20.094776246,-4.90962362289429,1.21707153320313,-3.20807313919067,5.98977466202292
20.099530933,-4.15528059005737,1.60311603546143,-3.17981505393982,5.4724365306985
20.104285621,-4.98486232757568,2.22586727142334,-3.15665578842163,6.30617263492307
20.109040308,-4.75513410568237,2.23658180236816,-2.62189030647278,5.87264057310543
20.113794944,-4.09413003921509,1.84385204315186,-2.12287735939026,4.96671918051045
20.118549631,-3.42228960990906,1.26071548461914,-1.77601027488709,4.05656039074417
20.123304319,-2.82728910446167,0.563579559326172,-1.65379881858826,3.32358784031081
20.128059006,-2.37972402572632,-0.020848274230957,-1.78568315505981,2.97526224380673
20.132813642,-1.92567372322083,-0.495631217956543,-2.14399480819702,2.9241380490825
20.137568329,-1.44995677471161,-0.741957664489746,-2.51068353652954,2.99272578847907
20.142323017,-0.925459206104279,-0.727215766906738,-2.80191564559937,3.03908683634664
20.147077704,-0.279192447662354,-1.20748329162598,-2.401198387146,2.70216913179396
20.15183234,-0.0664081573486328,-0.844786643981934,-2.49167966842651,2.63183245805328
20.156587027,-0.100241422653198,-0.242922782897949,-2.54672360420227,2.5602462650041
20.161341715,-0.259463429450989,0.243760108947754,-2.86242914199829,2.88448277077499
20.166096402,-0.437261343002319,0.447817802429199,-3.20658183097839,3.26709432141428
20.170851038,-0.638936161994934,0.44816780090332,-3.24700450897217,3.33948080967041
20.175605725,-0.936475515365601,0.270974159240723,-3.04830074310303,3.20039853866014
20.180360413,-1.44016301631928,-0.0266132354736328,-2.89448189735413,3.23307952763104
20.1851151,-2.10220193862915,-0.296732902526855,-3.06212711334229,3.72611404340824
20.189869735,-2.46610593795776,-0.663994789123535,-2.89839553833008,3.86306410428632
20.194624423,-2.36295342445374,-1.21219921112061,-1.84429323673248,3.23332543314715
20.19937911,-2.02133440971375,-1.79103946685791,-0.587938070297241,2.76392589304423
20.204133798,-1.74657821655273,-2.23377132415772,-0.086076021194458,2.83684311807871
20.208888433,-1.77145862579346,-2.58886337280273,-0.530167102813721,3.18140792462134
20.213643121,-2.07470035552979,-2.93308258056641,-1.20928835868835,3.79074310974994
20.218397808,-2.38390922546387,-3.45539426803589,-1.46125340461731,4.44500104109467
20.223152496,-2.37881970405579,-4.0820803642273,-1.44099569320679,4.93949712746699
20.227907131,-1.82742869853973,-4.68959951400757,-1.69226431846619,5.30995270916611
20.232661819,-0.885041058063507,-5.06097412109375,-2.56550455093384,5.74269713024299
20.237416506,0.11095917224884,-4.99532651901245,-3.73386168479919,6.23757341044309
20.242171142,0.928524374961853,-4.62381935119629,-4.82132053375244,6.74440468807874
20.246925777,1.59199416637421,-4.19451665878296,-5.8156681060791,7.34509434565976
20.251680517,1.78005611896515,-3.83350133895874,-6.68539237976074,7.90941234061208
20.256435204,1.4137396812439,-3.46623611450195,-7.09263324737549,8.01990642523822
20.26118984,0.565818548202515,-3.11387157440186,-7.04573917388916,7.7239101054993
20.265944475,-0.761832416057587,-2.11642074584961,-6.5884222984314,6.961819718011
20.270699215,-2.57087683677673,-0.18024730682373,-5.06398868560791,5.68206636792085
20.275453902,-3.92564511299133,-0.50048828125,-4.00840663909912,5.63280586006612
20.28020859,-5.41459083557129,-1.61031723022461,-1.50140786170959,5.84509547106069
20.284963225,-5.7324423789978,-2.51208209991455,0.141701698303223,6.26031400782286
20.289717913,-5.82421970367432,-2.74364471435547,0.410175323486328,6.45115224369073
20.2944726,-7.42870712280273,-2.74526977539063,-0.223099946975708,7.92287632381031
20.299227235,-9.94342994689941,-2.70557641983032,-0.0913047790527344,10.3053519801662
20.303981923,-11.4786233901978,-2.05279779434204,-1.35424423217773,11.739112025994
20.308736558,-11.2211313247681,-0.599435806274414,-3.87905359268188,11.8878159587215
20.313491298,-10.6261749267578,1.60867691040039,-6.03836488723755,12.3274200661588
20.318245933,-10.8194646835327,3.9527416229248,-7.02742433547974,13.4933196496158
20.323000621,-11.1015872955322,6.44883251190186,-5.98697328567505,14.1660343911157
20.327755308,-9.27029323577881,8.32693576812744,-4.3064866065979,13.1841580260801
20.332509996,-5.17199230194092,8.22645664215088,-2.99741888046265,10.1690025666964
20.337264683,0.541911721229553,5.51914691925049,-2.97622346878052,6.29385074227202
20.342019319,4.98606872558594,3.40854072570801,-3.10980272293091,6.79337207803494
20.346774006,6.62595510482788,2.80160331726074,-6.74742078781128,9.86305984399714
20.351528694,6.86084747314453,2.53109169006348,-10.4543361663818,12.7581659290425
20.356283329,5.71414232254028,2.06478214263916,-12.7367658615112,14.1116955887578
20.361038017,2.44097232818604,1.2796573638916,-13.2901134490967,13.5728767903416
20.365792704,-1.86645293235779,-0.325448036193848,-12.6421432495117,12.7833230779068
20.370547392,-5.31810092926025,-2.78114986419678,-11.2240324020386,12.727760817321
20.375302027,-7.62876844406128,-5.48263454437256,-10.0367031097412,13.7474651784735
20.380056715,-9.1923828125,-7.98570728302002,-9.37971496582031,15.3704416143993
20.384811402,-10.2532958984375,-9.92535305023193,-8.49650859832764,16.6082319442534
20.389566038,-10.379997253418,-10.7624673843384,-6.75399446487427,16.4070560555958
20.394320725,-8.75667381286621,-8.68975353240967,-1.50048768520355,12.4274943577702
20.399075413,-6.37712907791138,-2.35654163360596,4.7257285118103,8.27970855251547
20.4038301,-2.85645914077759,6.36685180664063,8.32893753051758,10.8658805965241
20.408584735,3.35632610321045,17.0562133789063,13.9668521881104,22.2991546876198
20.413339423,9.38666725158691,28.0751361846924,12.0334320068359,31.9550665739282
20.41809411,11.4330654144287,35.2359199523926,-0.715896725654602,37.0512826739349
20.422848798,9.32781505584717,31.8899707794189,-12.7116231918335,35.5747626021516
20.427603485,5.8531289100647,18.1819381713867,-12.9240283966064,23.0623611909591
20.432358121,3.94225907325745,4.66908931732178,-3.64584755897522,7.11575758982096
20.437112808,2.87810492515564,-5.51189756393433,1.93852972984314,6.51324805523297
20.441867496,2.33868646621704,-12.6138381958008,3.34941911697388,13.2588452301948
20.446622131,1.06363689899445,-16.5711917877197,2.52854514122009,16.7967038805082
20.451376819,-1.82558131217957,-16.8813076019287,0.538872539997101,16.9882805808204
20.456131506,-5.14001655578613,-13.3149528503418,-0.804316580295563,14.295267215478
20.460886194,-6.78483104705811,-7.65542650222778,-1.13722729682922,10.292364800802
20.465640829,-6.56146383285523,-2.4625391960144,-2.15368103981018,7.33179711551079
20.470395465,-5.26375293731689,1.80314922332764,-2.68664026260376,6.17871167860606
20.475150204,-3.44987392425537,5.25065517425537,-3.01745986938477,6.96965378735123
20.479904892,-1.84854996204376,7.46087265014648,-4.43123912811279,8.87229608807064
20.484659527,-0.976187825202942,8.04849529266357,-6.02290105819702,10.0998295185084
20.489414215,-0.511050581932068,6.76210594177246,-6.23797512054443,9.21409697526453
20.494168902,0.362484812736511,4.11989307403564,-4.59188747406006,6.17983371583582
20.49892359,1.62229943275452,1.12946319580078,-2.36334228515625,3.08105977173305
20.503678173,2.9271764755249,-1.4654712677002,-1.15135669708252,3.47009947973224
20.508432913,4.08320188522339,-3.13712644577026,-1.20217788219452,5.28765842624887
20.5131876,4.80906867980957,-3.53043985366821,-1.65734601020813,6.19176412059172
20.517942235,4.59941291809082,-2.78548526763916,-2.32991504669189,5.86020746152701
20.522696923,3.54670238494873,-1.19521331787109,-2.60437941551209,4.55965183128718
20.52745161,2.17360258102417,0.694480895996094,-1.53176963329315,2.74830313186473
20.532206298,0.184291481971741,2.4052095413208,-0.933623492717743,2.58662890924509
20.536960933,-1.82392823696136,3.21771335601807,-0.282639443874359,3.70948493868295
20.541715621,-3.30044150352478,3.01814270019531,0.721160292625427,4.53014035594823
20.546470308,-4.08163928985596,2.09921550750732,1.53272128105164,4.8389791862379
20.551224996,-4.39268064498901,0.911169052124023,1.74452102184296,4.81344220761626
20.555979631,-4.57019138336182,0.0351381301879883,1.89053976535797,4.94590988324165
20.560734319,-4.62577438354492,-0.457497596740723,2.00223803520203,5.06123007262993
20.565489006,-4.3902530670166,-0.545744895935059,1.65440487861633,4.72326317139723
20.570243694,-3.71864581108093,-0.528874397277832,1.25132441520691,3.95902103915332
20.574998329,-2.78117370605469,-0.423748016357422,0.807431876659393,2.92684741660076
20.579753017,-1.80025517940521,-0.266301155090332,0.463791310787201,1.87801421617075
20.584507704,-0.988481521606445,0.00553989410400391,-0.025888204574585,0.988835986460936
20.58926234,-0.444084525108337,0.274429321289063,-0.372803688049316,0.641486638712799
20.594017027,-0.0382877588272095,0.454275131225586,-0.249707937240601,0.519794095048212
20.598771715,0.221668243408203,0.41146183013916,-0.549842834472656,0.721640346999855
20.603526402,0.587430775165558,0.275454521179199,-0.973293304443359,1.16972217441747
20.60828109,0.926362931728363,0.197049140930176,-1.25725698471069,1.57406218772497
20.613035725,1.0315078496933,0.176234245300293,-1.26129961013794,1.63888488300111
20.617790413,0.905540347099304,0.18183422088623,-0.914387226104736,1.29968111603329
20.6225451,0.598181843757629,0.12056827545166,-0.579886436462402,0.841799564290531
20.627299735,0.374103486537933,-0.00995731353759766,-0.305554032325745,0.483131279677942
20.632054423,0.240367770195007,-0.149888038635254,0.181286692619324,0.336315259831154
20.63680911,0.0134317874908447,-0.182029724121094,0.522172868251801,0.553154352524784
20.641563746,-0.265238404273987,-0.0634441375732422,0.657409310340881,0.711732794675851
20.646318433,-0.322896599769592,0.148259162902832,0.940178751945496,1.00507665336391
20.651073121,-0.150077104568481,0.314336776733398,1.24807357788086,1.2957694248311
20.655827808,0.162291884422302,0.41338062286377,1.29218173027039,1.36636591700509
20.660582444,0.463301539421082,0.380990982055664,1.09475350379944,1.2483139344407
20.665337131,0.728807330131531,0.25316333770752,0.890396595001221,1.17815868897294
20.670091819,0.8964883685112,0.0849819183349609,0.746240615844727,1.16952485140594
20.674846506,1.05024755001068,-0.0159387588500977,0.585863888263702,1.20270963075407
20.679601142,1.25970351696014,-0.114190101623535,0.569247722625732,1.38705994811512
20.684355829,1.54671478271484,-0.111770629882813,0.631619155406952,1.6744438032523
20.689110517,1.75367772579193,-0.0422210693359375,0.550791501998901,1.83862433990982
20.693865204,1.93050014972687,-0.00841140747070313,0.405825257301331,1.97271278176393
20.69861984,2.08415460586548,-0.0102949142456055,0.153924942016602,2.08985628553363
20.703374527,2.33387637138367,0.0405349731445313,-0.0926424264907837,2.33606605645836
20.708129215,2.55066108703613,0.139194488525391,-0.107223391532898,2.5567056815848
20.712883902,2.65576195716858,0.202003479003906,0.0573645830154419,2.6640509893878
20.717638538,2.44631028175354,0.276860237121582,0.121649980545044,2.46493089219124
20.722393225,2.05851101875305,0.306377410888672,0.164701223373413,2.08769279953045
20.727147913,1.71710109710693,0.29538631439209,0.46137261390686,1.80237452858146
20.731902548,1.48434019088745,0.241580009460449,0.78917533159256,1.69835932807193
20.736657235,1.36506319046021,0.183247566223145,1.12883388996124,1.78079845451447
20.741411923,1.33788466453552,0.120413780212402,1.45158684253693,1.9777611623982
20.74616661,1.31450545787811,0.029210090637207,1.61167228221893,2.079967637599
20.750921246,1.3882622718811,-0.0591974258422852,1.61193752288818,2.12817270174432
20.755675933,1.69271802902222,-0.101776123046875,1.64392554759979,2.36180945697374
20.760430621,2.21821784973145,-0.112889289855957,1.50449538230896,2.68267418372421
20.765185308,2.82129716873169,-0.104522705078125,1.32033658027649,3.11671804874719
20.769939944,3.44940376281738,-0.126889228820801,1.29684352874756,3.6873147863159
20.774694631,3.95191621780396,-0.263583183288574,1.31911444664001,4.17458750182444
20.779449319,4.27389717102051,-0.540645599365234,1.22515118122101,4.47878221276915
20.784203954,4.64252519607544,-0.833527565002441,1.27133297920227,4.88508914369242
20.788958642,5.0246000289917,-1.03456878662109,1.42907071113586,5.32533389779649
20.793713329,5.27953195571899,-1.05303287506104,1.46629881858826,5.57963870988173
20.798467965,5.38621044158936,-0.982310295104981,1.54072761535645,5.68770938266693
20.803222652,5.37317323684692,-0.827293395996094,1.66188621520996,5.68482812304222
20.80797734,5.33111953735352,-0.690815925598145,1.64341759681702,5.62128842545374
20.812732027,5.14284896850586,-0.620628356933594,1.4711719751358,5.38501829622861
20.817486663,4.87541580200195,-0.566462516784668,1.48929142951965,5.12918589908507
20.82224135,4.45999336242676,-0.506736755371094,1.6017974615097,4.76592887481902
20.826996038,3.97342205047607,-0.345864295959473,1.82741558551788,4.38715769315655
20.831750725,3.45635962486267,-0.158045768737793,1.96273744106293,3.97790630658227
20.83650536,3.02566719055176,-0.0221452713012695,2.05812931060791,3.65937817398062
20.841260048,2.80749773979187,0.0666923522949219,2.20217084884644,3.5687599914116
20.846014735,2.85421991348267,0.0559730529785156,2.24410343170166,3.63121253982136
20.850769371,2.97471928596497,-0.0350685119628906,2.43929481506348,3.84712149868168
20.855524058,3.00451707839966,-0.134549140930176,2.95707559585571,4.21776272748073
20.860278746,2.92491936683655,-0.129968643188477,3.33135938644409,4.4350874300691
20.865033433,2.8745903968811,-0.0810728073120117,3.48613023757935,4.51917545391762
20.869788069,3.11104345321655,-0.0523176193237305,3.96463918685913,5.03981074873574
20.874542756,3.22518944740295,-0.00774765014648438,3.87053537368774,5.03814956870976
20.879297444,3.17146897315979,0.0765619277954102,3.74469232559204,4.90783025275436
20.884052079,3.14336037635803,0.0835332870483398,3.92424249649048,5.02865503260709
20.888806767,3.16244864463806,-0.00814437866210938,3.83529257774353,4.97097746100015
20.893561454,3.18578839302063,-0.00471210479736328,3.27494621276855,4.56886666314128
20.898316142,3.43315982818604,0.2203369140625,3.16344332695007,4.67359694928798
20.903070777,3.6607518196106,0.502018928527832,3.51947665214539,5.10292492541082
20.907825465,3.65134954452515,0.680492401123047,3.61660599708557,5.18413564082244
20.912580152,3.52226257324219,0.732141494750977,3.72533631324768,5.17885078468194
20.91733484,3.4003119468689,0.865039825439453,3.9934549331665,5.31583460416589
20.922089475,3.38115572929382,1.15313148498535,4.10718965530396,5.44343027438001
20.926844163,3.29030084609985,1.6104736328125,3.63115882873535,5.15800537216979
20.93159885,2.80959272384644,2.17919540405273,2.13753342628479,4.14870498245178
20.936353485,2.51619958877563,2.88014316558838,0.75755763053894,3.89876629056268
20.941108173,2.63139510154724,3.67727279663086,0.597926139831543,4.56115019156156
20.94586286,2.48114848136902,4.78132438659668,0.255598783493042,5.39281850376842
20.950617548,2.12613701820374,6.12542152404785,-0.402646064758301,6.49641218834753
20.955372183,1.80632412433624,7.45816707611084,-0.58207368850708,7.69583476669003
20.960126871,1.52714741230011,8.6121129989624,0.379729747772217,8.75470526100881
20.964881558,1.37512230873108,9.49434185028076,1.89057731628418,9.7779226384141
20.969636194,1.4273087978363,10.0669870376587,3.69807386398315,10.8192970531474
20.974390881,1.57199263572693,10.1844186782837,4.95435333251953,11.4341226862755
20.979145569,1.50326752662659,10.14271068573,5.47881937026978,11.625483000851
20.983900256,1.3927206993103,9.65659046173096,5.77231693267822,11.3361833552199
20.988654892,1.41182684898376,8.91945362091065,5.38493061065674,10.5141516837392
20.993409579,1.38258862495422,7.95298862457275,4.55002403259277,9.26629904900593
20.998164267,1.38313269615173,7.00130844116211,3.40776324272156,7.90849077017201
21.002918902,1.45087313652039,6.05284309387207,2.07969284057617,6.56255016654769
21.00767359,1.82391953468323,5.24690294265747,0.70460057258606,5.59938701337524
21.012428277,2.49151539802551,4.66239738464356,-0.149670600891113,5.28847800786771
21.017182965,2.93642568588257,4.21493101119995,-1.04296684265137,5.24175725046059
21.0219376,2.61189198493958,3.70703411102295,-2.92138457298279,5.39430898860467
21.026692288,2.14797616004944,2.8027286529541,-5.21011734008789,6.29399810801649
21.031446975,2.21811604499817,1.712562084198,-6.3442530632019,6.9355933135715
21.03620161,2.72213935852051,0.67246675491333,-6.64513444900513,7.21249374828324
21.040956298,3.27344226837158,0.169783115386963,-6.69862461090088,7.45760164318256
21.045710985,3.2855372428894,0.492152214050293,-6.40162181854248,7.21233184787327
21.050465673,2.73253393173218,1.24905300140381,-6.05363702774048,6.75820955224194
21.055220308,1.80563902854919,1.91265869140625,-5.90061950683594,6.46033328363829
21.059974996,1.01683855056763,2.18705177307129,-5.93604707717896,6.40732479264939
21.064729683,0.738768577575684,1.81556463241577,-5.60225582122803,5.93526109216566
21.069484319,0.871980667114258,1.07575035095215,-4.70313501358032,4.9027612686485
21.074239006,1.05117654800415,0.348214626312256,-3.54565191268921,3.71454883492038
21.078993694,1.16545581817627,-0.106113910675049,-2.64230346679688,2.88986419002805
21.083748329,1.33811807632446,-0.130008697509766,-1.9729905128479,2.38749948929885
21.088503017,1.27459049224854,0.00946331024169922,-1.56780242919922,2.02056302405396
21.093257704,0.765904426574707,0.102262020111084,-1.7625937461853,1.9245269095275
21.098012392,0.153194904327393,0.0396990776062012,-1.75624084472656,1.76335662875112
21.102767027,-0.213521480560303,-0.223764896392822,-1.18664789199829,1.22629334626848
21.107521715,-0.276920795440674,-0.704403877258301,-0.40559720993042,0.858707776806152
21.112276402,-0.2416090965271,-1.00944805145264,-0.0877561569213867,1.04166283757451
21.117031038,-0.305504322052002,-1.38664245605469,-0.0142064094543457,1.41996901860407
21.121785725,-0.212660312652588,-1.81825685501099,0.0172953605651855,1.83073251155624
21.126540413,0.0659313201904297,-2.18148326873779,0.0336976051330566,2.1827394987393
21.1312951,0.540207386016846,-2.2226037979126,-0.0272059440612793,2.28747280329077
21.136049735,1.1556077003479,-2.30964040756226,-0.239780902862549,2.59371603124268
21.140804423,1.42208671569824,-2.31616830825806,-0.408517837524414,2.74842738356319
21.14555911,1.56377029418945,-2.28107976913452,-0.378026962280273,2.79134498590823
21.150313746,1.70120716094971,-1.98990297317505,-0.649491786956787,2.69734299421519
21.155068433,1.85647535324097,-1.98862504959106,-0.999422550201416,2.89827116724839
21.159823121,2.01852321624756,-2.15081644058228,-1.12100982666016,3.15548892678742
21.164577808,2.17693638801575,-2.47158432006836,-1.27899146080017,3.53321386919538
21.169332444,2.13996553421021,-2.70906639099121,-1.78283286094666,3.88548403786156
21.174087131,2.13405013084412,-3.06613445281982,-2.20995736122131,4.34042186683976
21.178841819,2.21617960929871,-3.35586881637573,-2.34444141387939,4.65507391096073
21.183596454,2.53238248825073,-3.69239044189453,-2.38933348655701,5.07499977853948
21.188351142,2.74873447418213,-3.87394428253174,-2.39948272705078,5.32170112568648
21.193105829,3.06477570533752,-4.23672008514404,-2.43950080871582,5.77007897689583
21.197860517,3.02501702308655,-4.34704399108887,-2.48061203956604,5.84815830336912
21.202615152,2.75212717056274,-4.23833990097046,-2.60164737701416,5.68386296047263
21.20736984,2.30120992660522,-4.03292083740234,-2.66656994819641,5.35449464428574
21.212124475,1.89899063110352,-3.79109573364258,-2.59457206726074,4.97095327788057
21.216879163,1.53760719299316,-3.58742713928223,-2.69194769859314,4.74135547829562
21.22163385,1.27869987487793,-3.48665761947632,-2.99940824508667,4.77370972579597
21.226388538,1.07906150817871,-3.38340330123901,-3.09620904922485,4.71150741416904
21.231143173,1.02264785766602,-3.33703660964966,-3.1238489151001,4.68402113779422
21.23589786,1.00013113021851,-3.29201555252075,-3.17849969863892,4.68406757102396
21.240652548,0.945224285125732,-3.23843193054199,-3.46870279312134,4.8386764083738
21.245407183,0.860747337341309,-3.14015913009644,-4.02078247070313,5.17379715661348
21.250161871,0.816123485565186,-2.98741292953491,-4.61915302276611,5.56122901910834
21.254916558,0.899672508239746,-2.73464107513428,-4.99107313156128,5.76181251313221
21.259671246,0.912968397140503,-2.41761112213135,-5.17979335784912,5.78866254518679
21.264425881,0.676896572113037,-2.09602355957031,-5.34575414657593,5.78174637347972
21.269180569,0.229689121246338,-1.74836874008179,-5.51992797851563,5.79475238743759
21.273935256,-0.211178302764893,-1.52751207351685,-5.65905857086182,5.86539285289084
21.278689892,-0.442160606384277,-1.58352279663086,-5.45750045776367,5.69976856510669
21.283444579,-0.645703315734863,-1.77200937271118,-5.01008892059326,5.35331121654426
21.288199267,-1.05832982063293,-1.8434157371521,-4.73662233352661,5.19170826604154
21.292953902,-1.79539752006531,-1.40078544616699,-4.6067385673523,5.13884153766012
21.29770859,-1.44388628005981,-1.7517991065979,-4.40068674087524,4.95173217075978
21.302463277,-1.91338300704956,-1.21757888793945,-4.75435447692871,5.26758192839124
21.307217913,-1.63407111167908,-1.25006341934204,-4.62205457687378,5.05927222651648
21.3119726,-1.16706299781799,-1.22246074676514,-5.01323127746582,5.29045689516691
21.316727288,0.0576748847961426,-1.40708637237549,-5.46097469329834,5.63963323741056
21.321481975,1.70237839221954,-1.71972703933716,-5.97045421600342,6.44219503162675
21.32623661,2.67516040802002,-1.76320600509644,-6.60945224761963,7.34508254811409
21.330991298,3.56727147102356,-2.23082685470581,-7.31942081451416,8.44250764071898
21.335745985,3.72996282577515,-2.50293159484863,-8.17609310150147,9.32876131405322
21.340500621,2.95739078521729,-2.412269115448,-8.48766326904297,9.30621460694377
21.345255308,1.62590610980988,-2.01206350326538,-8.13445663452148,8.53588630184354
21.350009996,0.163717031478882,-1.57788705825806,-7.61674880981445,7.78019236695497
21.354764631,-1.03734183311462,-1.19624996185303,-7.02876472473145,7.2049028866177
21.359519319,-1.80776929855347,-0.922388076782227,-6.42931604385376,6.74202746899906
21.364274006,-2.29557323455811,-0.792181015014648,-5.98482275009155,6.45873908636838
21.369028694,-2.54587316513062,-0.583347320556641,-5.56968212127686,6.15167645454504
21.373783329,-3.04366278648376,-0.506460189819336,-5.71583557128906,6.49547237387023
21.378538017,-3.81718301773071,-0.76228141784668,-6.91117000579834,7.93197516384745
21.383292704,-3.34823656082153,-1.21662330627441,-5.05450868606567,6.18376247879116
21.38804734,-3.09676003456116,-1.45083999633789,-2.46899628639221,4.21791442170743
21.392802027,-4.08515310287476,-1.66113233566284,-2.29267263412476,4.9703304032807
21.397556715,-5.17930698394775,-2.07733774185181,-2.24711918830872,6.01582060687959
21.40231135,-5.45711231231689,-2.78813886642456,-1.54575037956238,6.32005833546061
21.407066038,-5.24394702911377,-3.54259634017944,-0.954314410686493,6.399975411519
21.411820725,-5.20068359375,-4.10908460617065,-0.682447075843811,6.66313891152637
21.41657536,-5.05657911300659,-4.7577543258667,-0.652371764183044,6.97357924383893
21.421330048,-4.72046661376953,-5.43500423431397,-1.5755490064621,7.36915400507326
21.426084735,-4.47092819213867,-6.02728462219238,-2.11054468154907,7.7956242642262
21.430839423,-4.74079179763794,-5.84830284118652,-1.73280954360962,7.72530788416916
21.435594058,-6.74219131469727,-4.3548436164856,-2.90979385375977,8.53748832616494
21.440348746,-9.91153144836426,-2.5158953666687,-3.62872123718262,10.8506130225494
21.445103433,-12.8371200561523,-1.43755054473877,-2.10363006591797,13.0875307968685
21.449858069,-14.1967334747314,-1.70933437347412,-0.827604293823242,14.323197765166
21.454612756,-13.004903793335,-2.24658346176147,-1.04490840435028,13.2388252310407
21.459367444,-9.27138519287109,-2.46539545059204,-1.76944923400879,9.75539382670549
21.464122079,-5.12067317962647,-1.53511810302734,-3.55381941795349,6.41930789557655
21.468876767,-1.38278245925903,-0.321599960327148,-5.80482482910156,5.97591040433764
21.473631402,2.09599208831787,0.674091339111328,-8.1268253326416,8.41979049353494
21.47838609,5.91540718078613,0.986289978027344,-10.4571695327759,12.0547585903854
21.483140777,8.85468196868897,0.906573295593262,-12.8785266876221,15.6551498731472
21.487895465,10.1769208908081,1.07783794403076,-11.6740503311157,15.5246547331908
21.4926501,9.32289791107178,1.57029438018799,-8.29100608825684,12.5746980821103
21.497404788,7.27115440368652,2.02538871765137,-5.00291347503662,9.05544195821178
21.502159475,5.41930961608887,2.08916854858398,-3.34245896339417,6.70116212767605
21.50691411,4.62526321411133,2.1845645904541,-0.90618360042572,5.19485812774111
21.511668798,4.46934604644775,2.74870491027832,1.90758943557739,5.58294995691461
21.516423485,4.04944705963135,3.58329105377197,3.22229671478272,6.29453670915491
21.521178121,3.28383803367615,4.20115756988525,4.49328899383545,6.97301678906232
21.525932808,1.19452285766602,4.55222606658936,5.3627724647522,7.13505259458727
21.530687496,-1.42143321037292,4.3370246887207,5.70150470733643,7.3032466376197
21.535442131,-2.76672649383545,3.71287536621094,5.92740392684937,7.52159134018435
21.540196819,-3.08713054656982,3.09345054626465,5.46048355102539,6.9940468903753
21.544951506,-3.4362587928772,2.77312660217285,4.75263118743897,6.48734220209803
21.549706194,-4.41910696029663,2.53209018707275,3.88190746307373,6.40384201818563
21.554460829,-5.25606060028076,2.03576946258545,3.33132076263428,6.54738332176889
21.559215517,-5.25887727737427,1.23419666290283,2.49536085128784,5.9502821277099
21.563970204,-4.1763277053833,0.438243865966797,1.74549210071564,4.54758325514447
21.56872484,-2.27160787582397,-0.106073379516602,0.918123543262482,2.45242833616814
21.573479527,-0.108177661895752,-0.310548782348633,-0.237874388694763,0.405865960075931
21.578234215,1.90705096721649,-0.218447685241699,-1.55070614814758,2.46764104777245
21.58298885,3.43245530128479,0.0672311782836914,-2.85908770561218,4.46773454169271
21.587743538,4.46368312835693,0.362279891967773,-3.63927674293518,5.77061946433582
21.592498225,4.83411455154419,0.537692070007324,-3.84633541107178,6.20097350051302
21.59725286,4.32966661453247,0.624691963195801,-3.68663358688355,5.72079716873587
21.602007548,3.04909133911133,0.601778030395508,-3.03912734985352,4.34688277283136
21.606762235,1.47315895557404,0.51915168762207,-1.98109400272369,2.52278600574377
21.611516871,-0.0705646276473999,0.441366195678711,-1.00058531761169,1.09588067926349
21.616271558,-1.38824737071991,0.454433441162109,-0.212604403495789,1.476123689649
21.621026246,-2.33843278884888,0.536696434020996,0.585186839103699,2.46956567171529
21.625780881,-2.94238901138306,0.671286582946777,1.25315475463867,3.26782429298542
21.630535569,-3.21222448348999,0.776866912841797,1.64056944847107,3.6896309365379
21.635290256,-2.99804782867432,0.815164566040039,1.62335681915283,3.50543455437925
21.640044892,-2.27475881576538,0.719290733337402,1.4651026725769,2.79972010568188
21.644799579,-1.00272035598755,0.465564727783203,1.39843213558197,1.78264159771279
21.649554267,0.39204752445221,0.149910926818848,0.977279126644135,1.0636019174405
21.654308902,1.57976937294006,-0.196362495422363,0.298547029495239,1.61967892809296
21.65906359,2.53196549415588,-0.50621509552002,-0.326119661331177,2.60258660183195
21.663818277,3.30626606941223,-0.67445182800293,-0.862727403640747,3.48289809828479
21.668572913,3.78124141693115,-0.69877815246582,-1.00999665260315,3.9756975234226
21.6733276,3.64202880859375,-0.586549758911133,-0.821217656135559,3.77926089348887
21.678082288,2.97741031646729,-0.438355445861816,-0.585920691490173,3.06601218951244
21.682836923,2.12439203262329,-0.366678237915039,-0.225578665733337,2.16757472140359
21.68759161,1.34371423721313,-0.249602317810059,0.27601945400238,1.39429408925564
21.692346298,0.611884415149689,-0.0609006881713867,0.746198058128357,0.966914149900267
21.697100933,-0.0751084089279175,0.149185180664063,1.10799372196198,1.12051219499326
21.701855621,-0.57360827922821,0.311264991760254,1.43018913269043,1.57205385033734
21.706610308,-0.814701557159424,0.346482276916504,1.65530467033386,1.87718463318991
21.711364944,-0.729699611663818,0.257366180419922,1.61633276939392,1.79199065162263
21.716119631,-0.379244685173035,0.0798740386962891,1.35204303264618,1.40649449178329
21.720874319,0.253193855285645,-0.0472002029418945,1.03993737697601,1.07135649321032
21.725629006,0.93098521232605,-0.0425806045532227,0.692362308502197,1.16099618418339
21.730383642,1.44155848026276,0.0099945068359375,0.292883515357971,1.4710443554675
21.735138329,1.82079815864563,0.11522388458252,-0.0484987497329712,1.82508482181823
21.739892965,2.00876379013062,0.131994247436523,-0.276963710784912,2.03205889259834
21.744647652,2.12731719017029,0.0340871810913086,-0.342537522315979,2.1549877766946
21.74940234,2.1167094707489,-0.121010780334473,-0.245387434959412,2.13431899812357
21.754156975,1.98930811882019,-0.259102821350098,-0.0955595970153809,2.00838559550133
21.758911663,1.87460255622864,-0.303677558898926,0.111814022064209,1.90232940867977
21.76366635,1.8372540473938,-0.283522605895996,0.312061071395874,1.88501183418028
21.768420985,1.79836750030518,-0.179627418518066,0.40224027633667,1.85153690634153
21.773175673,1.76752626895905,-0.0375528335571289,0.303310036659241,1.79375480629508
21.77793036,1.75431036949158,0.15931224822998,0.342483282089233,1.79451387942595
21.782684996,1.74678385257721,0.286664009094238,0.512523651123047,1.84285392114919
21.787439683,1.82129645347595,0.246665954589844,0.5054030418396,1.90614718720736
21.792194371,2.06847357749939,0.101659774780273,0.443270206451416,2.11787774117133
21.796949006,2.29473400115967,-0.107575416564941,0.464798927307129,2.34380345787637
21.801703694,2.25912594795227,-0.223206520080566,0.130159854888916,2.27385417015745
21.806458381,2.16533994674683,-0.176046371459961,0.309463977813721,2.19441503901292
21.811213017,1.95640468597412,-0.00445938110351563,0.64620053768158,2.0603675197113
21.815967704,1.57015514373779,0.214919090270996,0.645569443702698,1.71123852732802
21.820722392,1.32388186454773,0.386334419250488,0.506218671798706,1.4690727750706
21.825477027,1.20497739315033,0.447601318359375,0.392897367477417,1.34413012746947
21.830231715,1.24916303157806,0.358261108398438,0.544656753540039,1.40904587591354
21.834986402,1.24389171600342,0.199880599975586,0.536307334899902,1.369249580192
21.839741038,1.15110886096954,0.063441276550293,0.19161593914032,1.16867149939817
21.844495725,0.992206692695618,0.0252895355224609,-0.0831284523010254,0.996004026708166
21.849250413,0.760116994380951,0.192747116088867,0.172664284706116,0.802958436732799
21.854005048,0.58854478597641,0.295554161071777,0.475872993469238,0.81252220470596
21.858759735,0.501164078712463,0.352940559387207,0.320136904716492,0.691534605073183
21.863514423,0.514338850975037,0.393529891967773,0.0449454784393311,0.649176652019024
21.868269058,0.620724499225617,0.393366813659668,0.00131094455718994,0.734872827503701
21.873023746,0.746172308921814,0.342988014221191,0.19153904914856,0.843268106742951
21.877778381,0.957439482212067,0.192357063293457,0.133197546005249,0.985613102672247
21.882533069,1.1754937171936,-0.0750894546508789,-0.151631832122803,1.18760941301184
21.887287756,1.2977808713913,-0.239334106445313,-0.330523252487183,1.36042700101543
21.892042444,1.19327461719513,-0.22883129119873,-0.303547859191895,1.25236151916842
21.896797079,1.08444082736969,-0.12744140625,-0.085300087928772,1.09523026122085
21.901551767,0.95673280954361,0.0384044647216797,0.123232364654541,0.965400842896938
21.906306454,0.905651748180389,0.125239372253418,0.193065643310547,0.934432625699435
21.91106109,0.85230416059494,0.219160079956055,0.174352049827576,0.897135530504097
21.915815777,0.749189257621765,0.356024742126465,0.0742521286010742,0.832797417949802
21.920570465,0.658482670783997,0.507015228271484,0.126581907272339,0.840646684803261
21.9253251,0.67094898223877,0.564606666564941,0.314574599266052,0.931617090440173
21.930079788,0.655178666114807,0.540975570678711,0.296807646751404,0.900004684306277
21.934834423,0.714125275611877,0.436251640319824,0.150002479553223,0.850171245586201
21.93958911,0.72131609916687,0.341325759887695,0.261098384857178,0.83962643827791
21.944343746,0.731933832168579,0.270575523376465,0.512792348861694,0.933752773262025
21.949098433,0.819928228855133,0.238326072692871,0.699589014053345,1.10385977641313
21.953853121,0.987249195575714,0.163253784179688,0.692650437355042,1.2169952344122
21.958607808,1.22182536125183,0.100388526916504,0.621336579322815,1.37440685917206
21.963362444,1.42578756809235,0.145327568054199,0.516763925552368,1.52349441945664
21.968117131,1.50374639034271,0.211934089660645,0.57964551448822,1.62547168148059
21.972871819,1.52045512199402,0.269174575805664,0.511268734931946,1.62654063877203
21.977626454,1.48567688465118,0.379172325134277,0.328290939331055,1.56805050893823
21.982381142,1.48802959918976,0.553756713867188,0.302806615829468,1.61634477535206
21.987135829,1.53934633731842,0.606446266174316,0.346163749694824,1.69032350796384
21.991890465,1.52032661437988,0.554214477539063,0.300758838653564,1.64590479084725
21.996645152,1.438481092453,0.538260459899902,0.391443133354187,1.58498577365432
22.001399788,1.45624732971191,0.458150863647461,0.422001481056213,1.58386986497238
22.006154475,1.65688145160675,0.313865661621094,0.514074683189392,1.76296357821698
22.010909163,1.99226140975952,0.146089553833008,0.698576807975769,2.1162365744873
22.015663798,2.35752511024475,0.0554094314575195,0.648495197296143,2.44571888643097
22.020418485,2.63827252388001,0.156590461730957,0.515038132667542,2.69263193939813
22.025173173,2.8559250831604,0.349017143249512,0.448877096176147,2.91197728259997
22.029927808,3.12250685691834,0.455674171447754,0.473754048347473,3.19094514530605
22.034682496,3.29238605499268,0.469575881958008,0.188192367553711,3.33102443870236
22.039437183,3.29664015769959,0.491251945495605,0.13009238243103,3.33557923474729
22.044191819,3.22594594955444,0.501492500305176,0.201032996177673,3.27087698681275
22.048946506,3.08055400848389,0.536212921142578,-0.062739372253418,3.12750276176012
22.053701194,2.85104608535767,0.616857528686523,-0.0326917171478272,2.91719826887042
22.058455829,2.65681576728821,0.642964363098145,0.0875599384307861,2.73491132147707
22.063210517,2.40956163406372,0.614682197570801,-0.249231576919556,2.49918743820789
22.067965152,2.23150324821472,0.718564033508301,-0.191840887069702,2.35217855253301
22.07271984,2.00788950920105,0.846930503845215,0.039240837097168,2.17955302821455
22.077474527,1.80074548721313,0.875487327575684,0.0280035734176636,2.00248509871815
22.082229163,1.77485728263855,0.916636466979981,0.0301796197891235,1.99781170178354
22.08698385,1.70546555519104,1.05874252319336,0.124127149581909,2.01120760729077
22.091738538,1.6071115732193,1.24681663513184,0.216587662696838,2.0455487151494
22.096493173,1.7855771780014,1.40919303894043,0.126304030418396,2.27817110588681
22.10124786,2.16645812988281,1.60323047637939,-0.144478321075439,2.69902996911628
22.106002496,2.82359457015991,1.91012763977051,0.073259711265564,3.40978604638862
22.110757183,3.39366483688355,2.10524940490723,-0.0765436887741089,3.99435789811744
22.115511871,3.92707824707031,2.19128704071045,-0.174906015396118,4.50047492689607
22.120266506,4.51968479156494,2.24976634979248,-0.099984884262085,5.04965307925633
22.125021194,4.93246078491211,2.50068759918213,0.210400223731995,5.53415541140159
22.129775881,5.25140905380249,2.79335784912109,0.641817331314087,5.98264779260658
22.134530517,5.68412590026856,2.93417549133301,0.888711988925934,6.45821043814026
22.139285204,6.22330760955811,3.23158931732178,1.11830568313599,7.10093900269157
22.144039892,6.68248319625855,3.55170345306397,1.07275021076202,7.64336130910179
22.148794527,7.27926158905029,3.98548984527588,1.04930627346039,8.36497592609468
22.153549215,7.93737888336182,4.40391826629639,0.930520832538605,9.12482047242823
22.158303902,8.42816734313965,4.85977268218994,0.78942221403122,9.76086997754458
22.163058538,8.67845058441162,5.22190666198731,0.919511377811432,10.1700203985295
22.167813225,8.82979583740234,5.56244373321533,1.46405780315399,10.5380045580921
22.17256786,8.92773628234863,5.82662296295166,1.92789578437805,10.8337801544513
22.177322548,9.07001304626465,6.06477546691895,2.1415057182312,11.1190235571641
22.182077235,9.23708534240723,6.212327003479,2.0568790435791,11.3202254315444
22.186831871,9.24931907653809,6.43892383575439,1.74541234970093,11.4042144759184
22.191586558,9.45285415649414,6.68224620819092,1.47026360034943,11.6692133901709
22.196341246,9.7323694229126,6.87776851654053,0.326064229011536,11.9217881306707
22.201095881,9.98965072631836,6.88706970214844,-1.68342232704163,12.2498474050604
22.205850569,10.6571502685547,6.68894481658936,-2.23694658279419,12.7797012727296
22.210605204,11.1205215454102,6.43916702270508,-1.06226742267609,12.894079395812
22.215359892,10.3786144256592,6.25502777099609,0.161234259605408,12.1188698441275
22.220114579,10.0895662307739,6.14799976348877,0.48061740398407,11.8248991922149
22.224869215,10.2419052124023,5.73322296142578,0.214761257171631,11.739360728031
22.229623902,9.62545585632324,5.22635173797607,-0.839783310890198,10.9849619453288
22.23437859,8.60574626922607,4.80640983581543,-2.53822135925293,10.1785564805963
22.239133225,7.94645309448242,4.46055316925049,-3.71408009529114,9.840581401155
22.243887913,7.71584606170654,4.31480169296265,-4.21303749084473,9.79293005166528
22.248642548,7.8634090423584,4.0699896812439,-4.31267929077148,9.84871668990051
22.253397235,7.03514385223389,3.96575736999512,-4.96253681182861,9.47877904310724
22.258151923,4.65421485900879,4.34602928161621,-5.61858463287354,8.49224232739777
22.262906558,2.74916315078735,4.35825157165527,-6.09265041351318,7.9795140110639
22.267661246,1.43992233276367,4.09065532684326,-6.59575891494751,7.89372364550041
22.272415933,0.519944667816162,3.75375461578369,-6.58528709411621,7.59783010372313
22.277170569,-0.192711353302002,3.55751991271973,-5.81864738464356,6.82273720598325
22.281925256,-0.733865261077881,3.29778337478638,-4.88222122192383,5.93717251460977
22.286679892,-1.16058874130249,2.98820209503174,-4.72659873962402,5.71113418093163
22.291434579,-0.951667785644531,2.60203456878662,-5.28379249572754,5.96613095810851
22.296189267,-0.0181646347045898,1.94891786575317,-5.54751396179199,5.87992533606363
22.300943902,0.892902851104736,1.23457670211792,-5.83326148986816,6.02896299077232
22.30569859,1.61533641815186,0.628895282745361,-6.52323341369629,6.7496218553361
22.310453225,2.17088508605957,0.407881736755371,-6.71049308776856,7.06468874396063
22.315207913,2.45395994186401,0.714201927185059,-5.98466396331787,6.50754996468745
22.3199626,2.25814914703369,1.56214618682861,-5.01831531524658,5.72040443347414
22.324717235,1.67222929000855,2.60846662521362,-4.25551509857178,5.26401535782222
22.329471923,1.12609481811523,3.3588137626648,-4.00625324249268,5.34787663233133
22.33422661,0.741177082061768,3.56556129455566,-4.14525413513184,5.51776246834119
22.338981246,0.505703449249268,3.17116212844849,-4.38162899017334,5.43237313068754
22.343735933,0.636170387268066,2.12712001800537,-4.37847661972046,4.9092168257345
22.348490569,0.781562328338623,0.78141975402832,-3.87986588478088,4.03420571971117
22.353245256,0.795326709747315,-0.442793846130371,-3.1983597278595,3.32537455246802
22.357999944,0.562601566314697,-1.35194492340088,-2.62523913383484,3.00601997800199
22.362754579,0.104933738708496,-2.01371192932129,-2.18980264663696,2.976790630029
22.367509267,-0.549095153808594,-2.3291609287262,-1.80521821975708,2.99755049011417
22.372263902,-1.26609802246094,-2.37721252441406,-1.50734305381775,3.08645859693649
22.37701859,-2.00165224075317,-2.2660608291626,-1.24854564666748,3.27116334141076
22.381773277,-2.79274892807007,-2.10876846313477,-1.0026752948761,3.64028965239075
22.386527913,-3.5454592704773,-1.9968318939209,-0.737900733947754,4.13547053481871
22.3912826,-4.08513069152832,-1.95932579040527,-0.447784900665283,4.55277515775573
22.396037288,-4.32329416275024,-1.9914116859436,-0.158908843994141,4.76254605660487
22.400791923,-4.45829772949219,-2.19066333770752,-0.114946842193604,4.96876617285432
22.40554661,-4.32999897003174,-2.30073690414429,0.160387754440308,4.9059153696677
22.410301246,-3.85463428497314,-2.33542776107788,0.483012437820435,4.53273971381469
22.415055933,-4.02372598648071,-2.2985725402832,0.99916672706604,4.74047895108712
22.419810621,-3.82399415969849,-2.23316049575806,1.37744140625,4.63759441530569
22.424565256,-3.50037288665772,-2.26578378677368,1.53284478187561,4.44252176577428
22.429319944,-3.16855096817017,-2.33889007568359,1.37335610389709,4.17087868585682
22.434074579,-2.77272462844849,-2.50993204116821,1.23539042472839,3.93877521800854
22.438829267,-2.50331974029541,-2.74995946884155,0.812635660171509,3.80647652279722
22.443583954,-1.85032892227173,-3.10169005393982,0.798018455505371,3.69878787802594
22.44833859,-1.12788724899292,-3.46627044677734,0.929736137390137,3.76185721975356
22.453093277,-0.594124794006348,-3.7281985282898,1.19636511802673,3.96026994443894
22.457847913,-0.234770774841309,-3.97279810905457,1.50355529785156,4.25428262645121
22.4626026,-0.214942932128906,-4.14459991455078,1.46766638755798,4.40203970233505
22.467357288,-0.255404949188232,-4.34382629394531,1.17619490623474,4.50749298585068
22.472111923,-0.232507705688477,-4.57509422302246,0.945531129837036,4.6775609135776
22.47686661,-0.146122932434082,-4.82594633102417,0.938044548034668,4.9184385200393
22.481621298,-0.227440357208252,-5.03850364685059,1.10261201858521,5.16275133808924
22.486375933,-0.48967456817627,-5.20028305053711,1.31400895118713,5.38603235343254
22.491130621,-0.89610481262207,-5.26800727844238,1.48768937587738,5.54690221655518
22.495885256,-1.47248268127441,-5.21783256530762,1.57490873336792,5.64573462400389
22.500639944,-2.12778186798096,-5.1145658493042,1.52693796157837,5.74610990523906
22.505394579,-2.71363925933838,-4.96067047119141,1.4075140953064,5.82693620027361
22.510149267,-3.30150699615479,-4.82296943664551,1.32577311992645,5.99321758306798
22.514903954,-3.91002607345581,-4.61991214752197,1.14715015888214,6.16018227270498
22.51965859,-4.50035333633423,-4.41102504730225,0.909243822097778,6.3668710092011
22.524413277,-4.99548816680908,-4.12674760818481,0.804955005645752,6.52938744504435
22.529167913,-5.36136150360107,-3.82673215866089,0.84968912601471,6.64153956528851
22.5339226,-5.66436576843262,-3.52986097335815,0.963559508323669,6.74339713912129
22.538677288,-5.97601747512817,-3.25744438171387,1.04322326183319,6.88564038685048
22.543431923,-6.2462649345398,-3.1406831741333,0.971547484397888,7.05858491109835
22.54818661,-6.43021678924561,-3.14326620101929,0.868664145469666,7.20988125871646
22.552941246,-6.40422344207764,-3.20253801345825,0.77364718914032,7.202003720977
22.557695933,-6.32409763336182,-3.27012491226196,0.713772058486939,7.15523573123664
22.562450621,-6.18793392181397,-3.32164859771729,0.697317361831665,7.05762900204913
22.567205256,-5.56131744384766,-3.55737972259522,0.161558389663696,6.60373404334597
22.571959944,-5.24488019943237,-3.84517049789429,-0.388067245483398,6.51495975822502
22.576714579,-4.98937606811523,-4.07943105697632,-0.363128781318665,6.45503631357144
22.581469267,-4.58650350570679,-4.21676874160767,-0.291225075721741,6.23714398365063
22.586223954,-4.31992292404175,-4.17803049087524,-0.467590093612671,6.02796096105386
22.59097859,-4.1197509765625,-4.02541875839233,-0.774302363395691,5.81170271428819
22.595733277,-4.04071378707886,-3.70171737670898,-1.04387998580933,5.57850919788537
22.600487913,-4.0637903213501,-3.11877918243408,-1.46539425849915,5.3280911870505
22.6052426,-4.59100198745728,-2.07388210296631,-2.27584791183472,5.52790827923574
22.609997288,-3.42422771453857,-2.73736572265625,-1.93679976463318,4.79267147516608
22.614751923,-3.9796941280365,-2.13899230957031,-2.9350152015686,5.38772379456927
22.61950661,-3.71429705619812,-1.61857032775879,-3.19061732292175,5.15711270275448
22.624261246,-3.2815432548523,-1.02797317504883,-3.27167749404907,4.74648592193781
22.629015933,-3.63241028785706,-0.240921020507813,-3.06422853469849,4.75835517277901
22.633770621,-3.28579449653626,0.469611167907715,-2.73120617866516,4.29842614370311
22.638525256,-3.11783170700073,0.82609748840332,-2.59989953041077,4.14279967917295
22.643279944,-3.29907894134522,1.00291633605957,-2.34250402450562,4.16858346961982
22.648034579,-3.5325779914856,0.956832885742188,-1.72868645191193,4.04759104730085
22.652789267,-3.605952501297,0.809579849243164,-1.14410901069641,3.86875928461146
22.657543902,-3.80914354324341,0.785475730895996,-0.66094183921814,3.94504635862351
22.66229859,-3.85372304916382,0.876760482788086,-0.308045923709869,3.9641875050191
22.667053277,-3.52088832855225,0.894067764282227,-0.148228168487549,3.63565446366912
22.671807913,-2.91174602508545,0.782005310058594,-0.173280358314514,3.0199045187122
22.6765626,-2.32752633094788,0.544948577880859,-0.220463037490845,2.4006148638817
22.681317235,-2.24306678771973,0.220612525939941,-0.371016204357147,2.28422230193746
22.686071923,-2.26953101158142,-0.139106750488281,-1.28943848609924,2.61395740401314
22.69082661,-1.22461307048798,-0.907843589782715,-1.43206632137299,2.09157144385037
22.695581246,0.369482040405273,-1.90952587127686,0.899252772331238,2.14276960492795
22.700335933,0.960105895996094,-2.48105382919312,3.19117975234985,4.15464314312168
22.705090569,0.230396509170532,-2.52857160568237,3.40688896179199,4.24895861529401
22.709845256,-0.399903297424316,-2.83443689346313,3.21242952346802,4.30275011981462
22.71459984,-0.520906686782837,-3.44384241104126,3.12387704849243,4.67867525508229
22.719354579,0.810712814331055,-4.03435325622559,3.33041429519653,5.2938568965347
22.724109267,2.02921152114868,-4.12196397781372,2.50953316688538,5.23507814150412
22.728863902,2.76498603820801,-3.99926662445068,1.15472590923309,4.99726657787881
22.73361859,2.83733868598938,-3.55643463134766,-0.31941568851471,4.56078331957683
22.738373277,2.34274220466614,-2.86266469955444,-1.51374125480652,3.99683659987524
22.743127913,1.69484829902649,-2.213791847229,-2.45738172531128,3.71646472382887
22.7478826,1.21305823326111,-1.84298849105835,-3.03322315216064,3.75080785248451
22.752637235,0.910558462142944,-1.89005899429321,-3.3601975440979,3.96135926801021
22.757391923,0.394750833511353,-2.17707633972168,-3.56116604804993,4.19254018839622
22.762146558,-0.313086748123169,-2.61718225479126,-3.72260117530823,4.56129650176908
22.766901246,-1.12021458148956,-2.99696779251099,-3.90658521652222,5.04956480420639
22.771655933,-2.08012533187866,-3.1557469367981,-4.08913278579712,5.56836305078205
22.776410569,-3.01280665397644,-3.14792346954346,-4.26059913635254,6.09418830567576
22.781165256,-3.82432508468628,-3.11638498306274,-4.26059484481812,6.51843433254569
22.785919892,-4.41787910461426,-2.9268856048584,-4.3875207901001,6.88001844550399
22.790674579,-5.04442739486694,-1.48222494125366,-2.67797613143921,5.90040631474788
22.795429215,-5.77095127105713,1.04800033569336,-1.69505107402802,6.10535678073713
22.800183902,-6.23632955551148,3.23571491241455,-1.6021511554718,7.20614637960869
22.804938538,-6.64640045166016,5.00090980529785,-0.984760403633118,8.37576807804014
22.809693225,-6.05882787704468,6.54026508331299,-0.284217357635498,8.91993509561802
22.814447913,-3.70488238334656,7.89032173156738,0.766859292984009,8.75050876676963
22.819202548,0.872355103492737,8.6663932800293,0.995762526988983,8.76692186122828
22.823957235,6.35431909561157,8.65935230255127,3.23124098777771,11.2161790191512
22.828711871,10.1276063919067,9.04716014862061,6.01054430007935,14.8507966374668
22.833466558,12.1774673461914,9.49215793609619,3.73868250846863,15.8861423936235
22.838221246,12.6625185012817,9.52688407897949,0.801196992397308,15.8664051275089
22.842975881,10.7194309234619,8.70679950714111,-2.10301303863525,13.9691524732567
22.847730569,7.11196804046631,6.89498901367188,-5.22626543045044,11.1997684465703
22.852485204,3.78195858001709,4.63889026641846,-6.13420963287354,8.57035830201254
22.857239892,0.779893517494202,2.71428775787354,-5.11694431304932,5.84454540867118
22.861994527,-2.06841468811035,1.33640766143799,-3.56228089332581,4.33060849332919
22.866749215,-4.65716695785523,0.438287734985352,-1.49290907382965,4.91020139247872
22.871503902,-8.21236705780029,0.319074630737305,-0.914247632026672,8.26925813145835
22.876258538,-12.5361375808716,0.209625244140625,-1.27254855632782,12.6023040757527
22.881013225,-16.1839580535889,-0.943173408508301,-2.06214714050293,16.342047766052
22.88576786,-18.1445503234863,-2.9253888130188,-2.07577586174011,18.495714411102
22.890522548,-17.0785350799561,-4.75903844833374,-0.869735538959503,17.7505280861651
22.895277183,-13.545259475708,-5.5153021812439,-1.08964049816132,14.6656035958267
22.900031871,-10.0276708602905,-4.5342583656311,-3.17411231994629,11.4537623001462
22.904786506,-8.16204452514648,-2.73389959335327,-5.43598175048828,10.1805243189461
22.909541194,-7.53159713745117,-0.858759880065918,-7.04321002960205,10.3474263222098
22.914295881,-7.02658414840698,1.20328617095947,-7.08092832565308,10.0479016892535
22.919050517,-6.14318466186523,3.18913745880127,-5.96536064147949,9.13755126408702
22.923805204,-4.81821584701538,4.47036170959473,-4.53018236160278,7.9825992002867
22.92855984,-3.12133884429932,4.54591941833496,-3.68608713150024,6.63290116615183
22.933314527,-1.2174254655838,3.40763092041016,-3.50556087493897,5.03815743123318
22.938069163,0.258232414722443,1.85261631011963,-3.3773205280304,3.86072080337211
22.94282385,0.874761044979096,0.641234397888184,-2.74068999290466,2.94750234538595
22.947578538,0.589645504951477,-0.0309810638427734,-1.32995510101318,1.45513649481322
22.952333173,-0.322060942649841,-0.0379295349121094,0.140664517879486,0.353480419527619
22.95708786,-1.30016565322876,0.485899925231934,0.876635193824768,1.64165121942158
22.961842496,-2.20778918266296,1.18385601043701,0.659306824207306,2.59046976762474
22.966597183,-2.7587366104126,1.72107124328613,0.0598902106285095,3.25212249883463
22.971351819,-2.47871780395508,2.08560180664063,0.336631774902344,3.25685397268291
22.976106506,-2.32200884819031,2.38747978210449,0.312278509140015,3.34504150472046
22.980861142,-2.50542545318604,2.2277193069458,-0.428457260131836,3.37986177761328
22.985615829,-2.19656372070313,1.46590614318848,-1.25632774829865,2.92440291527895
22.990370517,-1.17561328411102,0.394318580627441,-1.79357528686523,2.18047381237658
22.995125152,0.327302694320679,-0.534947395324707,-1.92260003089905,2.02229736890678
22.99987984,1.46481096744537,-0.946859359741211,-2.02811193466187,2.67496763288749
23.004634475,1.75100064277649,-0.765626907348633,-2.03865432739258,2.79433342299311
23.009389163,1.52878677845001,-0.33851146697998,-1.67496836185455,2.29287985739642
23.014143798,1.19013488292694,0.186068534851074,-1.07814979553223,1.61661668951775
23.018898485,0.973691821098328,0.676609992980957,-0.692535161972046,1.37312847018883
23.023653121,0.994022727012634,1.0638427734375,-0.646999478340149,1.59325169178798
23.028407808,1.16496884822845,1.12557411193848,-0.545073866844177,1.70914452844845
23.033162496,1.33375489711761,0.909999847412109,-0.391620516777039,1.66143566743825
23.037917131,1.29518127441406,0.568064689636231,-0.188721656799316,1.42681739860061
23.042671819,1.20715093612671,0.107160568237305,-0.0339751243591309,1.21237414977875
23.047426454,0.888225138187408,-0.102131843566895,0.297575235366821,0.942298164214508
23.052181142,0.515476942062378,0.09765625,0.636474311351776,0.824834995603824
23.056935777,0.547719120979309,0.232810020446777,0.819753170013428,1.01301135277638
23.061690465,0.695412516593933,0.403749465942383,0.981216132640839,1.26862023412797
23.0664451,0.989469230175018,0.419266700744629,1.02052712440491,1.48199511991861
23.071199788,1.35083103179932,0.265252113342285,0.737300395965576,1.56163857342074
23.075954423,1.67692494392395,0.0159778594970703,0.468669176101685,1.74125912953135
23.08070911,2.05166673660278,-0.208983421325684,0.407914280891418,2.10223798106362
23.085463798,2.21482300758362,-0.251888275146484,0.308902621269226,2.25040207240951
23.090218433,2.13548612594605,-0.100984573364258,0.207673788070679,2.14793558572347
23.094973121,1.99015438556671,0.00691699981689453,0.142539620399475,1.9952643600938
23.099727756,1.82373094558716,0.0288677215576172,-0.00821983814239502,1.82397792557346
23.104482444,1.73421108722687,0.0892314910888672,-0.148977875709534,1.74288403558971
23.109237079,1.66947197914124,0.118597984313965,0.00884592533111572,1.67370260841526
23.113991767,1.59892630577087,0.128952980041504,0.194649457931519,1.61588446796815
23.118746402,1.37477934360504,0.168194770812988,0.229447603225708,1.40390666611352
23.12350109,1.13543975353241,0.176559448242188,0.297548174858093,1.18698424127143
23.128255725,1.03800857067108,0.0704555511474609,0.28676700592041,1.07919465026411
23.133010413,1.18007373809814,-0.16431713104248,0.328656435012817,1.23595679502897
23.1377651,1.40147435665131,-0.439151763916016,0.425561666488647,1.52908056559697
23.142519735,1.6381139755249,-0.689448356628418,0.594045281410217,1.87393869420357
23.147274423,1.74932265281677,-0.807649612426758,0.807807803153992,2.08925371531259
23.152029058,1.83794188499451,-0.822545051574707,0.887759566307068,2.20061986314241
23.156783746,2.00397634506226,-0.693655967712402,0.630960702896118,2.21250789867771
23.161538381,2.15379095077515,-0.540709495544434,0.403175711631775,2.25692996627335
23.166293069,2.33034420013428,-0.378077507019043,0.34055507183075,2.385251443635
23.171047704,2.48840141296387,-0.260663032531738,0.414401531219482,2.53610241071733
23.175802392,2.53026747703552,-0.217063903808594,0.624446153640747,2.61520615678326
23.180557027,2.47749257087708,-0.251953125,0.681420564651489,2.58181792577988
23.185311715,2.39920806884766,-0.307886123657227,0.556910514831543,2.48216489063364
23.190066402,2.35972213745117,-0.298768997192383,0.399569034576416,2.4118886568523
23.194821038,2.35649394989014,-0.162548065185547,0.362404584884644,2.38973276591961
23.199575725,2.24855709075928,-0.033228874206543,0.404409050941467,2.28487632684315
23.20433036,2.09118962287903,0.00798797607421875,0.425134181976318,2.13398147116684
23.209085048,1.71503591537476,0.00906467437744141,0.376855134963989,1.75597555566575
23.213839683,1.17273104190826,0.106154441833496,0.443252801895142,1.25818913862905
23.218594371,0.719866693019867,0.134233474731445,0.605111956596375,0.949940609445522
23.223349006,0.406290531158447,0.22722053527832,0.697619199752808,0.838673783556472
23.228103694,0.255832552909851,0.284685134887695,0.828338384628296,0.912491315357583
23.232858329,0.151009798049927,0.299491882324219,0.806115031242371,0.873109838611427
23.237613017,0.134860157966614,0.22865104675293,0.736080527305603,0.782485211404334
23.242367704,0.204812526702881,0.129581451416016,0.849968671798706,0.883847422740348
23.24712234,0.411112666130066,0.0239009857177734,0.894419431686401,0.984667964924765
23.251877027,0.729679346084595,-0.0788412094116211,0.745181918144226,1.04591776709885
23.256631663,1.02895390987396,-0.133209228515625,0.651140451431274,1.2249386656877
23.26138635,1.15847659111023,-0.117693901062012,0.590896248817444,1.30578644630893
23.266140985,1.21180212497711,-0.0466241836547852,0.576559901237488,1.34278051978553
23.270895673,1.291836977005,0.0154247283935547,0.734663724899292,1.48620708048587
23.275650308,1.3031644821167,0.0947446823120117,0.923769116401672,1.60017611614922
23.280404996,1.31999373435974,0.117241859436035,0.878508567810059,1.5899391233845
23.285159631,1.34701287746429,0.176139831542969,0.756747603416443,1.55503564833323
23.289914319,1.39858269691467,0.240309715270996,0.783049464225769,1.62078647044792
23.294668954,1.46754455566406,0.326584815979004,0.850011944770813,1.7270972674231
23.299423642,1.48725128173828,0.430200576782227,0.816417098045349,1.75029305811247
23.304178277,1.55820322036743,0.55345344543457,0.952011108398438,1.90804432410279
23.308932965,1.70892059803009,0.708254814147949,1.05822253227234,2.13116621124307
23.313687652,1.92744731903076,0.784734725952148,0.941685795783997,2.28421406521705
23.318442288,2.23751354217529,0.830735206604004,0.846261382102966,2.53234005649874
23.323196975,2.55309176445007,0.92519474029541,0.936771035194397,2.87259513986086
23.32795161,2.78596138954163,1.04431819915771,1.12720286846161,3.18162971946404
23.332706298,2.9555230140686,1.13559150695801,1.3887619972229,3.45736087822704
23.337460933,3.12406730651855,1.11069488525391,1.50389266014099,3.64075992026572
23.342215621,3.37508726119995,1.06538677215576,1.52307558059692,3.85305362267505
23.346970256,3.73702764511108,1.10013389587402,1.63307774066925,4.22405174166284
23.351724944,4.15005302429199,1.16716384887695,1.73362469673157,4.64657574388689
23.356479579,4.42301416397095,1.29284381866455,1.85116493701935,4.96601561195659
23.361234267,4.46327829360962,1.43429374694824,2.0478527545929,5.1158335179358
23.365988902,4.36662197113037,1.5986967086792,2.29253554344177,5.18449012180022
23.37074359,4.21936416625977,1.77888774871826,2.42958784103394,5.18366401952874
23.375498225,4.16734123229981,1.96761798858643,2.63317322731018,5.30771652789202
23.380252913,4.26298761367798,2.12903213500977,2.88152432441711,5.56857465232205
23.385007496,4.40356016159058,2.28957271575928,3.13627147674561,5.87108883371262
23.389762235,4.4698543548584,2.46372604370117,3.31355619430542,6.08516216915193
23.394516871,4.61021327972412,2.66827201843262,3.39417290687561,6.31618173983804
23.399271558,4.73854160308838,2.91511535644531,3.48545408248901,6.56506391642321
23.404026246,4.97883462905884,3.17070579528809,3.57779836654663,6.90237717423879
23.408780881,5.31875324249268,3.39688777923584,3.64046263694763,7.28566749517571
23.413535569,5.73646640777588,3.56033515930176,3.61163067817688,7.65682110602369
23.418290204,6.12666749954224,3.72805786132813,3.67533183097839,8.05869307860527
23.423044892,6.41064119338989,3.91922092437744,3.95307445526123,8.49019498087672
23.427799527,6.53862762451172,4.01911067962647,4.02099418640137,8.66460017047462
23.432554215,6.5346565246582,4.16646862030029,3.94136309623718,8.6945695532088
23.43730885,6.4820499420166,4.45669364929199,3.90561318397522,8.78253403507655
23.442063538,6.70326566696167,4.94208669662476,4.52045440673828,9.47589043637705
23.446818173,7.01429843902588,5.55091667175293,5.37382221221924,10.4350861834968
23.45157286,7.38189029693604,6.2354154586792,5.86770153045654,11.3049825983438
23.456327496,8.06162929534912,6.90714168548584,6.03827238082886,12.2130752271526
23.461082183,9.08882808685303,7.45617628097534,6.01485538482666,13.2052961354801
23.465836819,10.3030109405518,7.80869770050049,5.77124214172363,14.1575079049011
23.470591454,11.5268096923828,7.862464427948,5.1245608329773,14.8642797436015
23.475346142,12.7408285140991,7.80502796173096,4.22794628143311,15.5281261737457
23.480100829,13.7992153167725,7.74951457977295,3.44400644302368,16.196743498628
23.484855465,14.6067390441895,7.6747932434082,2.61507225036621,16.7062227840032
23.489610152,14.9680042266846,7.75084829330444,1.51633071899414,16.9238310865251
23.494364788,14.5080947875977,8.31684494018555,0.109959840774536,16.7232417698122
23.499119475,13.7836933135986,9.13268661499023,-1.32368803024292,16.5875952498358
23.50387411,13.3245677947998,9.97044086456299,-2.71978092193604,16.8627105239724
23.508628798,13.0085678100586,10.7630290985107,-4.21530437469482,17.4021384552475
23.513383485,12.7859573364258,11.5658645629883,-6.07370853424072,18.2794929759334
23.518138121,12.3579940795898,12.3557634353638,-7.18478155136108,18.8946022366873
23.522892756,11.4134826660156,13.1732807159424,-7.30948257446289,18.9005673696542
23.527647444,9.97026634216309,13.8158435821533,-6.66896057128906,18.2964144006853
23.532402079,8.38473892211914,14.0510158538818,-5.93404579162598,17.405395507579
23.537156767,6.66619634628296,13.6920795440674,-5.79261779785156,16.2931162433787
23.541911454,4.82175350189209,12.8833713531494,-6.11940574645996,15.0558191721994
23.54666609,3.164963722229,11.982702255249,-6.67132091522217,14.0751082217813
23.551420777,1.83520746231079,10.9412593841553,-7.17108583450317,13.2099816573264
23.556175413,0.953805923461914,9.71466636657715,-6.87693405151367,11.9405489950171
23.5609301,0.15578556060791,8.11350250244141,-6.63645076751709,10.4831136017738
23.565684735,-1.23550605773926,6.4729061126709,-7.07422733306885,9.66797192394046
23.570439423,-3.1056432723999,4.92323875427246,-6.31135511398315,8.58583154631946
23.575194006,-4.67215728759766,3.38633060455322,-4.66522884368897,7.42028630494627
23.579948746,-5.62463569641113,2.24600887298584,-3.74211263656616,7.11930400809107
23.584703381,-5.80440473556519,1.71713876724243,-3.33529901504517,6.91114313265032
23.589458069,-5.70538425445557,1.76195669174194,-2.95332264900208,6.66168263606668
23.594212704,-6.20918607711792,2.7283616065979,-2.40338039398193,7.19542813978496
23.598967392,-7.47229480743408,4.1677303314209,-1.5729193687439,8.69938165303844
23.603722027,-8.58712863922119,5.29734230041504,-1.0395302772522,10.1430388400924
23.608476715,-9.26956844329834,5.71266889572144,-0.4584059715271,10.8981475981869
23.61323135,-9.33179569244385,5.2742862701416,0.61318564414978,10.7366895800852
23.617986038,-8.44445610046387,4.28478384017944,1.16073060035706,9.54020476280932
23.622740673,-6.8396315574646,2.93123912811279,1.59623980522156,7.61056529988534
23.62749536,-5.42697429656982,1.50479364395142,1.86302185058594,5.93188876684878
23.632249996,-3.85808801651001,-0.0427999496459961,1.80428457260132,4.25935650042996
23.637004683,-2.18632364273071,-1.7019374370575,1.45725893974304,3.13052802700793
23.641759319,-1.07176923751831,-3.06369137763977,1.23444724082947,3.47257169059277
23.646514006,-0.519131183624268,-4.05912256240845,0.747653722763062,4.15992298626139
23.651268642,-0.313745498657227,-4.82321357727051,0.130202531814575,4.83516061255313
23.656023329,-0.515627861022949,-5.22115516662598,-0.335437059402466,5.25726653175096
23.660777965,-0.510097980499268,-5.33428621292114,-0.594603300094605,5.39150836367277
23.665532652,-0.623917579650879,-5.41638374328613,-0.556905269622803,5.48056835374447
23.670287288,-1.04500865936279,-5.34614849090576,-0.0775303840637207,5.44787644366227
23.675041975,-1.57201480865479,-5.26302766799927,0.520344495773315,5.51737702056306
23.67979661,-2.04469537734985,-5.30362319946289,0.881242036819458,5.7520244919067
23.684551298,-2.38920307159424,-5.43912649154663,1.19330835342407,6.0594036946478
23.689305933,-2.6008129119873,-5.69529819488525,1.44623708724976,6.42590468684058
23.694060621,-2.67939329147339,-6.03080940246582,1.86142265796661,6.85672697216786
23.698815256,-2.76307392120361,-6.32052850723267,2.25834155082703,7.25835826237367
23.703569944,-2.80822515487671,-6.54228448867798,2.4519784450531,7.52992783141272
23.708324579,-2.89575481414795,-6.7267951965332,2.33396768569946,7.68651902473756
23.713079267,-2.97779369354248,-6.88826751708984,2.16422080993652,7.81020719203138
23.71783385,-3.11654329299927,-7.02655124664307,2.1139965057373,7.972091679422
23.72258859,-3.29539585113525,-7.21290397644043,2.11363363265991,8.20689129464627
23.727343225,-3.45708131790161,-7.42982053756714,2.12977743148804,8.4669709085785
23.732097913,-3.68039894104004,-7.70992755889893,2.06683921813965,8.78977495060698
23.736852548,-3.85768127441406,-8.02856731414795,2.02277278900147,9.1340685178454
23.741607235,-4.06996440887451,-8.36571311950684,2.10032033920288,9.53735350160952
23.746361871,-4.30504274368286,-8.60575389862061,2.18014216423035,9.86637790908169
23.751116558,-4.62007236480713,-8.75747299194336,2.14327645301819,10.1307470511673
23.755871194,-4.95275831222534,-8.81303691864014,2.06448101997376,10.3180190206484
23.760625829,-5.32899951934814,-8.77416896820068,1.87958991527557,10.4363372506524
23.765380517,-5.78431034088135,-8.55440998077393,1.73206996917725,10.4707326685823
23.770135204,-6.24432563781738,-8.241868019104,1.53597605228424,10.4536698603229
23.77488984,-6.53206157684326,-7.87440824508667,1.34644246101379,10.3192558333817
23.779644527,-6.79820823669434,-7.35836362838745,0.960802435874939,10.0640097296166
23.784399163,-7.00016212463379,-6.82733488082886,0.138609170913696,9.77926295016149
23.78915385,-7.01229763031006,-6.25482130050659,-0.846509456634522,9.43460045881619
23.793908485,-6.69707202911377,-5.77676486968994,-1.69034910202026,9.00439149579374
23.798663173,-6.20361614227295,-5.49052715301514,-2.49759817123413,8.65267232036543
23.803417808,-5.79052591323853,-5.38807964324951,-3.45874643325806,8.6327585095068
23.808172496,-5.42923927307129,-5.48529052734375,-4.48691272735596,8.9273421059426
23.812927131,-5.08123731613159,-5.65937995910645,-5.31394338607788,9.27822981472353
23.817681819,-4.73102903366089,-5.73512554168701,-5.80153274536133,9.43038084553072
23.822436454,-4.44386863708496,-5.52330875396729,-5.91001796722412,9.22947563127131
23.82719109,-4.40893363952637,-4.9426441192627,-5.8844747543335,8.85976691915863
23.831945777,-4.61430835723877,-4.04829072952271,-6.01015329360962,8.59083477079554
23.836700413,-4.99811935424805,-2.95051193237305,-6.31170797348023,8.57463557738045
23.8414551,-5.56519508361816,-1.9985613822937,-6.34559059143066,8.6736476681715
23.846209788,-5.73456573486328,-1.16861820220947,-6.33037567138672,8.62116980524617
23.850964423,-5.95538139343262,-0.41797924041748,-6.25947380065918,8.64998765593351
23.85571911,-6.48993682861328,-0.117600440979004,-5.20790243148804,8.32198039165008
23.860473746,-7.39795923233032,0.850661277770996,-4.41467714309692,8.65695094652285
23.865228433,-9.24053573608398,1.29520988464355,-3.72764444351196,10.047905375369
23.869983069,-11.185305595398,1.62007999420166,-3.86938142776489,11.9460383844848
23.874737704,-10.2259216308594,0.714291572570801,-2.84001326560974,10.6369808216412
23.879492392,-8.30130481719971,0.136768341064453,-1.13089144229889,8.37909796466454
23.884247027,-6.15828514099121,-0.0593366622924805,-0.0115253329277039,6.1585817807791
23.889001715,-3.89376974105835,0.0188026428222656,0.355352759361267,3.90999640912167
23.89375635,-2.07344961166382,0.104132652282715,-0.00682693719863892,2.07607406140816
23.898511038,-1.14544785022736,0.152419090270996,-0.953110694885254,1.49789931349679
23.903265673,-1.2726845741272,0.181790351867676,-2.57013344764709,2.8737361910878
23.90802036,-1.22143077850342,-0.00953197479248047,-5.00106620788574,5.14807218489364
23.912774996,0.720240592956543,-0.874595642089844,-3.41123867034912,3.59446982390869
23.917529683,3.35115122795105,-2.01591205596924,2.02945470809937,4.4059961849991
23.922284319,4.78148651123047,-3.02976369857788,5.66326808929443,8.00716471527343
23.927039006,4.68804121017456,-4.1815447807312,5.1559329032898,8.12691154404806
23.931793642,3.72348165512085,-5.26220321655273,3.37959384918213,7.27851309772464
23.936548329,3.02970814704895,-6.14358139038086,1.94805455207825,7.12163185614095
23.941302965,2.75174832344055,-6.52249908447266,0.768438935279846,7.12078728370386
23.946057652,2.54583740234375,-6.29376316070557,-0.571423530578613,6.81316869404581
23.950812288,2.10649728775024,-5.65284061431885,-1.86503028869629,6.31429139428538
23.955566975,1.28237533569336,-4.92158079147339,-3.27065491676331,6.0467865493287
23.96032161,0.328824758529663,-4.38789892196655,-4.56955051422119,6.34370353762189
23.965076298,-0.499399662017822,-4.17668008804321,-5.35477113723755,6.80937812964389
23.969830933,-1.21555256843567,-4.10459089279175,-5.52184009552002,6.98684138107572
23.974585569,-2.17238807678223,-3.78080892562866,-5.72905874252319,7.19971528350534
23.979340256,-2.93533086776733,-2.3629322052002,-4.74885272979736,6.0622782977148
23.984094944,-2.16331005096436,-0.71466064453125,-4.10061836242676,4.69102559870619
23.988849579,-1.5874195098877,0.395936012268066,-4.09056520462036,4.40560889315355
23.993604267,-2.83156228065491,1.7937068939209,-3.7995240688324,5.06670627924727
23.998358902,-4.36842250823975,4.26356410980225,-4.01600122451782,7.30680230772792
24.00311359,-4.28983688354492,7.31064224243164,-3.19547414779663,9.0586558337032
24.007868225,-2.47242283821106,11.3527097702026,0.7060786485672,11.6402508940024
24.012622913,2.38755083084106,15.696346282959,6.78340435028076,17.2652906197324
24.017377548,9.5888557434082,18.491096496582,11.8709669113159,23.9747087474146
24.022132183,13.7279348373413,20.4654083251953,13.0599012374878,27.8899650976511
24.026886871,11.9145107269287,20.0198650360107,5.20019054412842,23.8703276814003
24.031641506,6.30616664886475,14.1446847915649,-7.66384506225586,17.2793045807476
24.036396194,3.14284253120422,5.92951107025147,-9.46433258056641,11.602161518603
24.041150829,1.55633091926575,-0.447378158569336,-4.24680042266846,4.54506622361044
24.045905517,-1.23054790496826,-4.34786605834961,-3.50650906562805,5.71959729658497
24.050660152,-5.99529075622559,-6.02400302886963,-3.73653435707092,9.28406229756597
24.05541484,-10.8273143768311,-6.52859592437744,-2.64946246147156,12.9179314401833
24.060169475,-14.258641242981,-6.73929119110107,-1.92741525173187,15.8884179642625
24.064924163,-16.2812747955322,-6.46261692047119,-3.51084613800049,17.865367811302
24.069678798,-17.263843536377,-5.64193916320801,-5.44840049743652,18.9619840509982
24.074433485,-17.8794059753418,-4.41938734054565,-5.96581172943115,19.3596242754833
24.079188121,-17.3824825286865,-2.89874362945557,-4.52899551391602,18.1951975492016
24.083942808,-15.5760202407837,-1.25769138336182,-3.73212051391602,16.0662042090681
24.088697444,-13.3190307617188,0.426580429077148,-5.11549711227417,14.273992503843
24.093452131,-11.7174110412598,2.22743034362793,-6.73104000091553,13.6954761486951
24.098206767,-11.4727811813355,4.15371131896973,-7.80255556106567,14.4830210605267
24.102961454,-11.1027383804321,5.36154460906982,-7.26266860961914,14.3095532939541
24.10771609,-9.33928966522217,5.24959087371826,-5.16558790206909,11.8938569928495
24.112470777,-6.29407501220703,3.91490173339844,-4.43987560272217,8.64027379248497
24.117225413,-2.81313514709473,1.99910163879395,-4.50927257537842,5.67835151052735
24.1219801,0.231371134519577,0.269737243652344,-3.81113290786743,3.82766571475777
24.126734735,2.18260836601257,-0.943499565124512,-3.58117055892944,4.29869204304301
24.131489423,2.99420952796936,-1.45210361480713,-4.05214023590088,5.24344696711288
24.136244058,2.98385381698608,-1.30447578430176,-4.02658987045288,5.17865490815963
24.140998694,2.34643006324768,-0.575431823730469,-3.2753119468689,4.06995382956323
24.145753381,1.03613233566284,0.478489875793457,-2.87755870819092,3.09562059970668
24.150508017,-0.642800688743591,1.55072784423828,-3.04226732254028,3.47467121237989
24.155262704,-2.2279052734375,2.33023643493652,-2.87932777404785,4.32250993989831
24.16001734,-3.83275437355042,2.66183185577393,-2.28970766067505,5.19789535174927
24.164772027,-5.37502813339233,2.44088172912598,-1.84020125865936,6.18345952705374
24.169526663,-6.65791511535645,1.75649261474609,-1.45155358314514,7.03705249331642
24.17428135,-7.41379833221436,0.848207473754883,-0.791357159614563,7.50400611562592
24.179035985,-7.55036020278931,0.0246267318725586,-0.0792281627655029,7.55081603335444
24.183790621,-7.09991216659546,-0.508724212646484,0.267515897750855,7.1231396064834
24.188545308,-6.10919189453125,-0.596820831298828,0.0396918058395386,6.13840338755359
24.193299996,-4.69375801086426,-0.40040111541748,-0.344009757041931,4.72334923869917
24.198054631,-3.23611736297607,0.00360298156738281,-0.857568383216858,3.34781900650626
24.202809319,-1.92703771591187,0.471560478210449,-1.53183877468109,2.50646637216089
24.207563954,-0.804496765136719,0.776332855224609,-2.02740573883057,2.31522823433452
24.21231859,0.24899810552597,0.934793472290039,-2.21328830718994,2.41546766137229
24.217073277,0.669677138328552,0.980628967285156,-2.0752055644989,2.39093679883134
24.221827913,0.764055967330933,0.787295341491699,-1.67572820186615,2.00291799195027
24.2265826,0.620697319507599,0.562967300415039,-1.27317023277283,1.52419151860891
24.231337235,0.45713472366333,0.372291564941406,-0.90997838973999,1.08426649616183
24.236091923,0.424144566059113,0.224897384643555,-0.623799800872803,0.787149057107948
24.240846558,0.295097827911377,0.190042495727539,-0.448081493377686,0.569188811316545
24.245601246,0.103914022445679,0.267549514770508,-0.270663499832153,0.394511846534632
24.250355881,-0.00091242790222168,0.364081382751465,-0.129876613616943,0.386554033164188
24.255110569,0.0330880880355835,0.460489273071289,-0.0328729152679443,0.462845352943927
24.259865204,0.0909373164176941,0.532880783081055,0.0539267063140869,0.543267534598025
24.264619892,0.122393786907196,0.590872764587402,0.085277795791626,0.609412147450083
24.269374527,0.234896063804626,0.558024406433106,-0.0820174217224121,0.610978114527778
24.274129215,0.457057952880859,0.482218742370605,-0.187352895736694,0.690317314954547
24.27888385,0.674017310142517,0.375420570373535,-0.0302062034606934,0.77210902970944
24.283638485,0.742698073387146,0.232964515686035,0.0356290340423584,0.779193378981495
24.288393173,0.656057775020599,0.16722583770752,-0.0684752464294434,0.680488900964251
24.293147808,0.636294066905975,0.161347389221191,-0.0221233367919922,0.656804812420747
24.297902496,0.750288486480713,0.155476570129395,0.0882809162139893,0.77129715218734
24.302657131,0.94791179895401,0.219026565551758,0.0718762874603272,0.975538628508736
24.307411819,1.11697578430176,0.277860641479492,0.0769731998443604,1.15358845013904
24.312166454,1.214848279953,0.315272331237793,0.311294913291931,1.2931192942611
24.316921142,1.17494928836823,0.30739688873291,0.568922996520996,1.3411457987147
24.321675777,1.14825832843781,0.220895767211914,0.785378932952881,1.40858517567278
24.326430465,1.25424695014954,0.163426399230957,1.10653424263,1.68055396522628
24.3311851,1.51444673538208,0.120616912841797,1.39351773262024,2.06155015100288
24.335939788,1.83069491386414,-0.00543689727783203,1.51046061515808,2.37338675681899
24.340694423,2.17176198959351,-0.231252670288086,1.45800948143005,2.62598925833646
24.345449058,2.50160980224609,-0.425238609313965,1.38948655128479,2.89301786267322
24.350203746,2.84170150756836,-0.489455223083496,1.35510289669037,3.18608501677821
24.354958381,3.09649181365967,-0.44077205657959,1.23053646087646,3.36106553632462
24.359713069,3.26841735839844,-0.365288734436035,1.09738373756409,3.46702162607276
24.364467704,3.24527597427368,-0.251036643981934,1.02509546279907,3.41257325982475
24.369222392,3.04395961761475,-0.0645895004272461,0.92522120475769,3.18212134196168
24.373977027,2.79117631912231,0.165230751037598,0.924270629882813,2.94486716895374
24.378731715,2.60405898094177,0.36185359954834,0.904762983322144,2.78040595232415
24.38348635,2.48724269866943,0.551577568054199,1.03148555755615,2.74855898810848
24.388241038,2.40237402915955,0.650803565979004,1.28281152248383,2.80009850892581
24.392995673,2.28503322601318,0.707488059997559,1.39098525047302,2.76708441614216
24.39775036,2.16418027877808,0.750357627868652,1.44194984436035,2.70664593222007
24.402504996,2.10939002037048,0.831984519958496,1.64571475982666,2.8018032711453
24.407259631,2.02762341499329,0.935688018798828,1.76558613777161,2.84676363462862
24.412014319,2.00260806083679,1.06865310668945,1.81601071357727,2.90694916013214
24.416768954,2.16550040245056,1.23794555664063,1.60572528839111,2.96652235723895
24.421523642,2.98633050918579,1.69198703765869,-0.0811328887939453,3.43330345168366
24.426278277,4.86103248596191,2.14131546020508,1.39546692371368,5.4920120779974
24.431032965,4.8317174911499,1.75918579101563,2.84730529785156,5.87770159337549
24.4357876,2.83798789978027,1.28549671173096,2.34806728363037,3.90129428313549
24.440542288,2.60839676856995,1.74804592132568,0.532823324203491,3.18485461837189
24.445296923,4.87227344512939,1.98149871826172,2.92364692687988,6.01773188565593
24.45005161,5.57313346862793,1.29074573516846,4.54801177978516,7.30823182179253
24.454806246,4.3789644241333,0.667115211486816,4.56322431564331,6.35951163911983
24.459560933,3.69167876243591,0.450056076049805,3.26758575439453,4.95057160527265
24.464315569,5.1949028968811,0.545406341552734,2.60873866081238,5.83866436660361
24.469070152,8.06673336029053,0.460522651672363,4.37498760223389,9.18829607372486
24.473824892,9.23611354827881,0.00740718841552734,4.92664003372192,10.4679334333483
24.478579527,8.74761867523193,0.124081611633301,4.4233922958374,9.8031947923361
24.483334215,8.82017707824707,0.846250534057617,4.41460800170898,9.89951652692094
24.48808885,9.78993606567383,1.80733299255371,4.75994253158569,11.0347792737305
24.492843538,11.0750751495361,2.93265819549561,4.53282785415649,12.320888848411
24.497598173,12.1429080963135,4.16716957092285,3.94110655784607,13.4293648460617
24.50235286,12.8460998535156,5.30800819396973,3.570725440979,14.3508645247803
24.507107444,13.2929668426514,6.11671352386475,4.53985834121704,15.3208180451037
24.511862131,13.3286838531494,6.55097007751465,6.05340576171875,16.0378534576703
24.516616819,12.9745788574219,6.68064689636231,6.72270393371582,16.0675289843128
24.521371454,12.6720924377441,6.74978733062744,7.031907081604,15.9871596277683
24.526126142,12.816948890686,7.02597904205322,7.80596733093262,16.5702047765686
24.530880777,13.0241298675537,7.54481601715088,8.33848476409912,17.2070490119798
24.535635465,13.1005935668945,8.14836406707764,8.30123519897461,17.5194718699878
24.5403901,12.8793478012085,8.8580846786499,8.20803260803223,17.6554542069341
24.545144788,12.3887329101563,9.71902179718018,8.16858291625977,17.7388228096755
24.549899423,11.7329139709473,10.5800609588623,7.65022945404053,17.5534888510051
24.55465411,10.8677654266357,11.6201362609863,5.72477340698242,16.9088415526777
24.559408746,10.7144660949707,12.7428417205811,3.93803596496582,17.1081245634179
24.564163381,11.7331447601318,13.5944194793701,4.22084856033325,18.4469642356826
24.568918069,12.6789140701294,14.2241458892822,4.36062812805176,19.5472828277606
24.573672704,13.1926231384277,14.5426912307739,3.37784695625305,19.9234792033439
24.578427392,12.971866607666,14.428768157959,1.91806757450104,19.497119199091
24.583181975,11.500919342041,13.7912292480469,-0.399967670440674,17.9618797463326
24.587936715,9.05199813842773,12.8345718383789,-3.22291994094849,16.0328449602175
24.59269135,6.66798877716064,11.6197843551636,-5.42400360107422,14.4534175148063
24.597446038,4.63317775726318,10.5097770690918,-6.70491075515747,13.2995330146224
24.602200673,3.00974178314209,9.74558734893799,-7.26191425323486,12.5207993753717
24.606955308,1.92691612243652,9.24765205383301,-7.19823169708252,11.8763047206002
24.611709996,1.1870756149292,8.91936492919922,-7.17077922821045,11.5058373878446
24.616464683,0.696184635162354,8.4838752746582,-7.46347904205322,11.3209686923585
24.621219319,0.683165073394775,7.84306383132935,-7.31488513946533,10.7465301089879
24.625973954,-0.0133380889892578,7.59251117706299,-7.22839736938477,10.4831356190871
24.630728642,-1.12528610229492,6.90952205657959,-6.48215866088867,9.5407622739125
24.635483277,-2.58791351318359,5.62532424926758,-6.38555908203125,8.89477003925497
24.640237965,-3.72438049316406,4.11822986602783,-6.5089282989502,8.55552306338889
24.6449926,-4.33843898773193,2.72067594528198,-5.32135009765625,7.385180926107
24.649747288,-4.70047569274902,1.59389019012451,-3.85010814666748,6.28158343233097
24.654501923,-4.68743801116943,0.876498222351074,-3.07005071640015,5.67146679824626
24.659256558,-4.06917762756348,0.462139129638672,-3.0457501411438,5.10376067837078
24.664011246,-3.69964551925659,0.585423469543457,-3.24827814102173,4.95796414753952
24.668765881,-4.01027202606201,1.35229110717773,-2.30591917037964,4.81956804930606
24.673520569,-4.9338002204895,2.39832592010498,-0.208884716033936,5.48980734264348
24.678275204,-6.00067615509033,3.54724550247192,1.72731614112854,7.18155178387514
24.68302984,-6.44961929321289,3.95360612869263,2.35842704772949,7.92406263148405
24.687784527,-6.45202875137329,3.56012582778931,2.51881051063538,7.78765544350335
24.692539215,-5.91794490814209,2.49054193496704,2.39305210113525,6.85212152726308
24.69729385,-4.99796772003174,0.915655136108398,1.819979429245,5.39726141498037
24.702048485,-3.81259441375732,-0.834631443023682,1.36516332626343,4.13474989774133
24.706803173,-2.59851551055908,-2.32932043075562,0.791005373001099,3.57822665965535
24.711557808,-1.39364576339722,-3.80935764312744,0.216322422027588,4.0620499205894
24.716312496,-0.510319709777832,-5.05949831008911,-0.224716663360596,5.09013231014423
24.721067131,0.274774551391602,-5.96117782592773,-0.568957090377808,5.99456873320476
24.725821767,0.414955615997314,-6.50664186477661,-0.677045345306397,6.5549192915941
24.730576454,0.43616771697998,-6.72541522979736,-0.525072574615479,6.75996697470773
24.735331142,0.383188724517822,-6.69290781021118,-0.20700478553772,6.70706340627692
24.740085777,0.238582611083984,-6.55392599105835,0.261555194854736,6.5634806831846
24.744840413,0.0328483581542969,-6.46493577957153,0.661508321762085,6.49877426199573
24.7495951,-0.169950008392334,-6.58404541015625,0.889135599136353,6.64598368053998
24.754349735,-0.35322380065918,-6.8726077079773,1.04887557029724,6.96115247089643
24.759104423,-0.550034523010254,-7.23390913009644,1.16646599769592,7.34796721568465
24.763859058,-0.819451332092285,-7.60461664199829,1.19826817512512,7.74193395586289
24.768613746,-1.0768256187439,-7.89753437042236,1.28201484680176,8.07305175337096
24.773368381,-1.38792419433594,-8.01627731323242,1.44936144351959,8.26363625323798
24.778123017,-1.84212589263916,-8.03440952301025,1.55460822582245,8.38820427288012
24.782877704,-2.35964727401733,-7.99719333648682,1.56249630451202,8.48318520489446
24.78763234,-2.84918260574341,-8.01209354400635,1.53615808486938,8.64125373661071
24.792387027,-3.300696849823,-8.04782390594482,1.63176476955414,8.85012573801562
24.797141663,-3.747230052948,-8.1566743850708,1.8168478012085,9.15827527575705
24.80189635,-4.22178220748901,-8.37876129150391,2.04264497756958,9.60205625331706
24.806650985,-4.75978326797485,-8.63935661315918,2.28952741622925,10.1260039125558
24.811405673,-5.23904037475586,-8.87818717956543,2.54523587226868,10.618285044639
24.816160308,-5.69731760025024,-8.99910640716553,2.59902334213257,10.9634969922265
24.820914996,-6.14391946792603,-9.01612854003906,2.63959693908691,11.2252301660012
24.825669631,-6.59325838088989,-8.99592781066895,2.64053630828857,11.4616842238535
24.830424267,-7.15073394775391,-8.84490871429443,2.4396665096283,11.6325998312485
24.835178954,-7.61852645874023,-8.73006725311279,2.09528422355652,11.7748136131271
24.83993359,-7.91619777679443,-8.59584331512451,1.71610379219055,11.8110000323879
24.844688277,-8.15676116943359,-8.42014503479004,1.38186752796173,11.8042853679041
24.849442913,-8.11602592468262,-8.28355979919434,1.05769217014313,11.644996886377
24.8541976,-8.0931510925293,-8.0728874206543,0.517851233482361,11.4428482386636
24.858952235,-7.95231771469116,-7.84479713439941,-0.15680980682373,11.1716063496163
24.863706871,-7.56268787384033,-7.68227291107178,-0.880871057510376,10.8160759417304
24.868461558,-6.99655246734619,-7.52970314025879,-1.58144342899323,10.3994778295767
24.873216194,-6.80842113494873,-7.06622886657715,-2.2047872543335,10.0572001860625
24.877970881,-6.03555870056152,-7.07797908782959,-2.66362762451172,9.67577743221385
24.882725517,-5.24453687667847,-7.10970401763916,-2.97143459320068,9.32107728811131
24.887480204,-4.61307907104492,-6.64695739746094,-3.20876622200012,8.70394863420174
24.89223484,-3.92743563652039,-5.96241760253906,-3.37764239311218,7.89833162647825
24.896989527,-3.2556893825531,-5.29746770858765,-3.7983980178833,7.28632314555549
24.901744163,-2.72528648376465,-4.83602523803711,-3.91969633102417,6.79546509438217
24.906498798,-2.3914623260498,-4.50858545303345,-4.08469295501709,6.53690686647642
24.911253485,-2.32334303855896,-3.97346019744873,-4.0959529876709,6.16142351187937
24.916008121,-2.79111456871033,-3.13567304611206,-4.02589416503906,5.81640695067636
24.920762808,-2.53297400474548,-2.67236471176147,-3.40662837028503,5.01623437596523
24.925517444,-2.73896503448486,-1.5180606842041,-3.64390420913696,4.80463063995797
24.930272131,-3.28658747673035,-0.224244117736816,-3.81496477127075,5.04042645741183
24.935026767,-4.45621013641357,0.964163780212402,-3.48061585426331,5.73603585238949
24.939781454,-5.97300386428833,2.2233715057373,-3.33831143379211,7.19475359163294
24.94453609,-6.13284111022949,2.72850513458252,-2.7530734539032,7.25505987538012
24.949290725,-5.86037492752075,2.97458267211914,-2.46643161773682,7.01964538202302
24.954045413,-4.97231388092041,3.04487609863281,-2.48299741744995,6.33722746644637
24.958800048,-3.84220027923584,2.86477947235107,-2.56690311431885,5.43676889422972
24.963554735,-2.65418434143066,2.412353515625,-2.86112570762634,4.58804798552548
24.968309371,-1.54424607753754,1.61790943145752,-2.98120975494385,3.72692077717807
24.973064058,-0.492223024368286,0.490559577941895,-3.52326798439026,3.59114877094478
24.977818694,1.49156808853149,-1.14038562774658,-3.91671133041382,4.34348735332434
24.982573277,4.40580081939697,-2.87510824203491,-1.05809545516968,5.36627377757293
24.987328017,6.12640380859375,-4.01125192642212,2.73508882522583,7.81688406752028
24.9920826,5.33210372924805,-4.5469274520874,3.54875755310059,7.85490672157827
24.99683734,3.54236078262329,-4.80624055862427,2.95969009399414,6.66393529936474
25.001591975,2.77158641815186,-5.05737400054932,3.3414146900177,6.66511629196236
25.006346663,2.46602845191956,-5.21497201919556,3.23742008209229,6.61499193307171
25.011101298,1.80026149749756,-5.12426614761353,2.05561542510986,5.80728850556779
25.015855933,0.761857271194458,-4.82104539871216,0.365804672241211,4.89456007178879
25.020610621,-0.604373216629028,-4.25685262680054,-1.35325086116791,4.50747702873002
25.025365256,-1.63314199447632,-1.92511987686157,-1.56278896331787,2.96909896404242
25.030119944,-0.664788722991943,0.188996315002441,-1.49000298976898,1.64248974511936
25.034874579,1.58166408538818,-0.352197647094727,-2.66053175926209,3.11514585592202
25.039629267,1.84112524986267,-1.72265291213989,-3.58998417854309,4.38694217463322
25.044383902,2.28321313858032,-2.62794971466064,-5.5108380317688,6.51832169744331
25.04913859,1.92461395263672,-1.4797887802124,-4.5676417350769,5.17274247578041
25.053893225,-1.15106046199799,1.87939834594727,-2.35924601554871,3.22848572736613
25.05864786,-2.71644258499146,5.87604904174805,-1.5189368724823,6.64937454811876
25.063402548,-0.0876548290252686,10.3347082138062,-0.669947266578674,10.3567710495868
25.068157183,5.98906135559082,15.2512483596802,0.387677192687988,16.3896225110711
25.072911871,13.8486137390137,17.6455821990967,-1.56517457962036,22.4855608136014
25.077666506,19.0527496337891,16.2430877685547,-3.91980886459351,25.3418639882659
25.082421194,15.6734390258789,13.800121307373,-3.18660283088684,21.1247361308484
25.087175829,8.05402278900147,9.08120727539063,-2.97584295272827,12.4976497768046
25.091930517,2.3394238948822,3.6747350692749,-2.34321093559265,4.9464350271671
25.096685152,-2.61812782287598,0.296914100646973,-0.63265323638916,2.70979729824834
25.101439788,-10.1701593399048,-1.36625194549561,2.20148873329163,10.4950149128257
25.106194475,-17.4983444213867,-2.61987733840942,3.56134462356567,18.0482406423891
25.11094911,-21.6802959442139,-4.21943140029907,2.96699166297913,22.2854632686582
25.115703798,-22.0049018859863,-5.60730218887329,1.72466623783112,22.7734937697566
25.120458433,-19.8635597229004,-6.20892906188965,0.527156531810761,20.8180138094353
25.125213069,-17.2004718780518,-5.89044523239136,0.281944125890732,18.1833184637342
25.129967756,-14.7792930603027,-4.87840509414673,0.424074172973633,15.5693987850878
25.134722392,-13.3742122650146,-3.08535766601563,-1.81125688552856,13.8444803854202
25.139477079,-12.9771938323975,-0.598273277282715,-6.82221221923828,14.673379646225
25.144231715,-13.6969079971313,2.01962566375732,-12.7854137420654,18.8454498768107
25.148986402,-14.6826982498169,4.09282875061035,-14.1233367919922,20.7798343885855
25.153741038,-14.34508228302,4.69898700714111,-9.57858467102051,17.877671797519
25.158495725,-12.0773286819458,3.67301845550537,-4.00548648834229,13.2437477578866
25.16325036,-9.31359767913818,1.93963718414307,-2.82320594787598,9.92349665990174
25.168004996,-6.85295248031616,0.746801376342773,-4.18899011611939,8.06649292977591
25.172759683,-4.26231718063355,0.258249282836914,-5.83193588256836,7.22810601601817
25.177514319,-1.39937365055084,0.0881252288818359,-6.89927625656128,7.04031430649028
25.182269006,1.17796468734741,0.0951499938964844,-7.84146213531494,7.93001782756848
25.187023642,3.11543965339661,0.17658519744873,-8.15672588348389,8.73323100027762
25.191778329,4.4079008102417,0.263239860534668,-7.78166580200195,8.94724580142685
25.196532965,4.75469541549683,0.400519371032715,-7.794105052948,9.13868797131779
25.2012876,3.83716893196106,0.666948318481445,-7.61876344680786,8.55653212057011
25.206042288,1.92026221752167,1.00227069854736,-6.07460689544678,6.44924820978518
25.210796923,-0.382967859506607,1.1338357925415,-4.12666034698486,4.29669333386041
25.21555161,-2.55810475349426,1.05240726470947,-2.98376989364624,4.06870295781013
25.220306246,-4.25065135955811,0.870532989501953,-1.94240176677704,4.75381839050494
25.225060933,-5.47393321990967,0.765141487121582,-0.464986443519592,5.54667456986637
25.229815569,-6.50383424758911,0.870141983032227,0.791418433189392,6.60933810053172
25.234570204,-7.31577587127686,1.12565517425537,1.4953179359436,7.55140065813218
25.239324892,-7.49238395690918,1.43105030059814,1.78093659877777,7.8329724555534
25.244079527,-6.70581150054932,1.56629371643066,1.65808713436127,7.08310926304007
25.248834163,-4.96545124053955,1.42877006530762,1.27073216438293,5.32088809836217
25.25358885,-2.9321174621582,1.13833045959473,0.540693879127502,3.1914665779325
25.258343485,-0.949995756149292,0.852972984313965,-0.332799196243286,1.31939764805434
25.263098173,0.64452862739563,0.661163330078125,-0.842775583267212,1.25012990697922
25.267852808,1.56547832489014,0.711006164550781,-1.03006911277771,2.00431896883423
25.272607496,1.82067537307739,0.839733123779297,-1.16247391700745,2.31761863580384
25.277362131,1.61314213275909,0.918164253234863,-1.16098690032959,2.18932494599084
25.282116819,1.2892050743103,0.886646270751953,-1.10175395011902,1.91364915793586
25.286871454,1.00430607795715,0.7548828125,-0.953653573989868,1.57731857847844
25.291626142,0.756739497184753,0.6162109375,-0.645323276519775,1.16996269911151
25.296380777,0.492516219615936,0.599691390991211,-0.33026123046875,0.843370897864326
25.301135413,0.130958914756775,0.633450508117676,-0.159409761428833,0.666199111097884
25.3058901,-0.198484897613525,0.60027027130127,-0.164067983627319,0.653176053174246
25.310644735,-0.46233069896698,0.516912460327148,-0.174594402313232,0.7151443016398
25.315399423,-0.565139174461365,0.342796325683594,-0.0213875770568848,0.661323699760873
25.320154058,-0.557426452636719,0.111485481262207,0.0779469013214111,0.573784787230397
25.324908694,-0.473151803016663,-0.0335607528686523,-0.0148661136627197,0.474573444438753
25.329663381,-0.193463683128357,-0.111589431762695,0.166587829589844,0.278625022096303
25.334418017,0.0690677165985107,-0.0580320358276367,0.244773864746094,0.260868379688247
25.339172704,0.178604364395142,0.100713729858398,-0.105120658874512,0.230419459432563
25.343927288,0.235434412956238,0.283212661743164,-0.392790794372559,0.538445338655208
25.348682027,0.349286556243897,0.341312408447266,-0.379076957702637,0.618218891974259
25.353436663,0.467479944229126,0.349251747131348,-0.210056781768799,0.620192012765265
25.358191298,0.508865714073181,0.307088851928711,-0.0102517604827881,0.594435006145414
25.362945985,0.5739666223526,0.286540031433105,0.193849325180054,0.670164482840817
25.367700621,0.674974679946899,0.333039283752441,0.462054491043091,0.8831762767335
25.372455308,0.833587348461151,0.377275466918945,0.71315348148346,1.16008298565464
25.377209944,0.983211517333984,0.46949577331543,0.760755181312561,1.32886403174785
25.381964579,1.15273141860962,0.559469223022461,0.745979070663452,1.4826598763125
25.386719267,1.39238405227661,0.573116302490234,0.929266095161438,1.76938721619404
25.391473902,1.57303333282471,0.551272392272949,1.14110028743744,2.02001113428856
25.39622859,1.59431564807892,0.496453285217285,1.13562989234924,2.01939681650474
25.400983225,1.68801200389862,0.466015815734863,1.12098741531372,2.0792229440617
25.405737913,1.90651893615723,0.359566688537598,1.09480893611908,2.22771390982733
25.410492548,2.05854439735413,0.303847312927246,1.13351488113403,2.36955358901281
25.415247235,2.17291688919067,0.262994766235352,1.08654117584229,2.44362554029827
25.420001871,2.20689082145691,0.22031307220459,1.11407446861267,2.48194820035181
25.424756506,2.22508907318115,0.209269523620605,1.25662279129028,2.56396488991108
25.429511194,2.19428658485413,0.280097961425781,1.32059407234192,2.57629912633806
25.434265829,2.08590722084045,0.370556831359863,1.27726650238037,2.47380900987218
25.439020517,1.97893881797791,0.537932395935059,1.30814802646637,2.43245171936548
25.443775152,1.95475077629089,0.741496086120606,1.43683528900146,2.53680166565342
25.448529788,2.05419683456421,0.976463317871094,1.62236487865448,2.79379187588714
25.453284475,2.28208827972412,1.14489364624023,1.91008055210114,3.18859155320503
25.45803911,2.51412558555603,1.27803325653076,2.18526840209961,3.56785572213354
25.462793798,2.76473355293274,1.3377628326416,2.43365454673767,3.91867777036672
25.467548381,3.12704539299011,1.24778938293457,2.77492618560791,4.36298138542412
25.472303121,3.67031311988831,1.09684181213379,3.33342242240906,5.07798832266171
25.477057756,4.36592245101929,0.873167991638184,3.86991024017334,5.89914455297836
25.481812392,5.25467824935913,0.522119522094727,4.18629026412964,6.7386406993686
25.486567079,6.21714687347412,0.220925331115723,3.94144296646118,7.36455673521115
25.491321715,7.29171228408814,0.105907440185547,4.04659700393677,8.33997792155822
25.496076402,8.33539009094238,-0.0427494049072266,4.38905000686646,9.42042013089516
25.500831038,8.91611385345459,-0.0119657516479492,3.92944478988647,9.74360127384856
25.505585673,9.23036193847656,0.301065444946289,3.56778621673584,9.90047071637242
25.51034036,9.2687349319458,0.917568206787109,3.26566219329834,9.86995077057211
25.515094996,9.02651023864746,1.68667507171631,3.32886910438538,9.76750374456484
25.519849683,8.58021450042725,2.43614482879639,3.57995223999023,9.61098020707693
25.524604319,7.97052669525147,2.97485733032227,3.63376975059509,9.25112720352651
25.529359006,7.32175970077515,3.36273384094238,3.56886839866638,8.8120920131325
25.534113642,6.77456760406494,3.48021507263184,4.01781845092773,8.61101203566894
25.538868277,6.42668962478638,3.37773990631104,4.13116025924683,8.3533197888985
25.543622965,6.36372566223145,3.33520698547363,3.56753969192505,8.02171735936613
25.5483776,6.8507604598999,3.46970748901367,3.03709721565247,8.25807171412125
25.553132288,7.57449913024902,3.632887840271,2.70382213592529,8.82505327331522
25.557886923,8.10734367370606,3.94446754455566,2.49318885803223,9.35434852544262
25.56264161,8.26287269592285,4.35660457611084,2.29057908058167,9.61778670724277
25.567396246,8.14124870300293,4.86441993713379,2.4286093711853,9.78982406617916
25.572150881,7.99771881103516,5.37213802337647,3.09366822242737,10.118999762479
25.576905569,7.82474279403687,5.96576309204102,3.83359146118164,10.5599882838209
25.581660204,7.55055141448975,6.77167892456055,4.12679290771484,10.9497434592485
25.586414892,7.6264705657959,7.79395866394043,3.99215316772461,11.6123267203751
25.591169527,8.59669303894043,8.72846031188965,4.13661432266235,12.9306120766364
25.595924163,10.1549472808838,9.44139099121094,4.96463775634766,14.7278798942075
25.60067885,11.5129652023315,9.95024871826172,5.26803493499756,16.1030434819546
25.605433485,12.561206817627,10.4734992980957,4.68310546875,17.0120422375988
25.610188173,13.4590301513672,11.0141906738281,4.09575891494751,17.8670962919056
25.614942808,14.2944507598877,11.3983345031738,3.33807420730591,18.5848349841094
25.619697496,14.7740039825439,11.4786605834961,1.97354900836945,18.8129141324721
25.624452131,14.663667678833,11.4446964263916,0.312040328979492,18.6038059346582
25.629206767,14.0081577301025,11.3176422119141,-1.18393731117249,18.0476928105815
25.633961454,12.9900608062744,10.8547229766846,-2.6054961681366,17.127618075303
25.63871609,11.7118816375732,10.0835514068604,-4.23920392990112,16.0255118616102
25.643470777,10.5061664581299,9.39524459838867,-4.33821868896484,14.7468741129356
25.648225413,9.12987422943115,9.17160797119141,-2.89234972000122,13.2604179091477
25.652980048,7.08218050003052,9.31871128082275,-1.24575471878052,11.7706229822261
25.657734735,4.53254842758179,9.73535919189453,-0.553823232650757,10.7530430119387
25.662489371,1.72911977767944,10.2196378707886,-0.647401571273804,10.3850846029344
25.667244058,-0.892463207244873,10.5043487548828,-1.77515125274658,10.6906031312841
25.671998694,-2.13207960128784,10.6611976623535,-3.41272974014282,11.3953334001799
25.676753329,-1.89793729782105,10.1005878448486,-4.503493309021,11.2207616845899
25.681508017,-1.12765264511108,8.89187431335449,-4.64647579193115,10.0958786926905
25.686262652,-0.210936546325684,7.33646154403687,-3.15333962440491,7.98822339450705
25.69101734,-0.231544017791748,5.87223720550537,-2.63723707199097,6.44141302850393
25.695771975,-1.54676103591919,4.59019136428833,-2.84954166412354,5.61980552675988
25.700526663,-3.40689563751221,3.40523815155029,-2.02813482284546,5.22646301176156
25.705281298,-4.65493822097778,2.27889823913574,-1.39541029930115,5.36740131989881
25.710035933,-5.00090599060059,1.49260473251343,-1.569899559021,5.44990956253043
25.714790621,-4.6218695640564,1.13303852081299,-1.4464955329895,4.97371127868874
25.719545256,-4.20597505569458,1.30057621002197,-1.01912760734558,4.51888766481908
25.724299944,-4.39917707443237,2.07541990280151,-0.611925840377808,4.9025075154739
25.729054579,-5.04172706604004,3.18669271469116,-0.199891328811646,5.96774486800839
25.733809267,-5.54331874847412,4.12819480895996,0.288557291030884,6.91763257466857
25.738563902,-5.42712545394898,4.48530626296997,0.529325485229492,7.06058414260831
25.743318538,-4.67249870300293,4.18674755096436,0.74354100227356,6.31774899842753
25.748073225,-3.8072681427002,3.35421419143677,0.901276826858521,5.1534787737108
25.75282786,-2.73686408996582,2.18006229400635,1.40870690345764,3.77194270801425
25.757582548,-1.68185377120972,0.857723236083984,1.55419754981995,2.44537344414244
25.762337183,-0.771634101867676,-0.536332130432129,1.68593299388886,1.9301402542774
25.767091819,-0.110955715179443,-1.8827109336853,1.64156043529511,2.50032643734282
25.771846506,0.25538969039917,-3.09096074104309,1.37571740150452,3.39291328587015
25.776601142,0.356712818145752,-4.04244136810303,1.04333877563477,4.19012315450551
25.781355829,0.281854629516602,-4.69348859786987,0.695528984069824,4.75310822706528
25.786110465,0.219976902008057,-5.05605888366699,0.592402458190918,5.09539615191946
25.7908651,0.154718399047852,-5.22356510162354,0.77062463760376,5.28236996867743
25.795619788,-0.250483512878418,-5.18202018737793,0.943771839141846,5.27321348865884
25.800374423,-0.76821231842041,-5.10897779464722,1.17233037948608,5.29775072941689
25.80512911,-1.57787847518921,-5.00276803970337,1.21333646774292,5.38419668339649
25.809883746,-1.94823980331421,-4.96661424636841,1.02756929397583,5.4331201033448
25.814638381,-2.24293088912964,-5.11979055404663,0.853060483932495,5.65426445083391
25.819393069,-2.34441995620728,-5.31583070755005,0.755426168441773,5.85875667171471
25.824147704,-2.45049619674683,-5.53505849838257,0.933745861053467,6.12484167336775
25.828902392,-2.5675253868103,-5.67656707763672,1.22616338729858,6.34973047075039
25.833657027,-2.6832332611084,-5.84057426452637,1.52873611450195,6.60674523352828
25.838411663,-2.75205421447754,-6.04598760604858,1.64696907997131,6.84399559338682
25.84316635,-2.76459789276123,-6.29250907897949,1.73839342594147,7.08947697090947
25.847920933,-2.77361917495728,-6.58691263198853,1.79559028148651,7.36916045476752
25.852675673,-2.85071086883545,-6.84259366989136,1.84937512874603,7.63988409308402
25.857430308,-2.9767427444458,-7.14020204544067,1.89996719360352,7.96576160533916
25.862184996,-3.2163577079773,-7.37864685058594,1.85939359664917,8.26115795748917
25.866939631,-3.48354721069336,-7.55968236923218,1.77844882011414,8.51156735851715
25.871694267,-3.77598762512207,-7.66597986221314,1.61213481426239,8.69622380417438
25.876448954,-3.96949148178101,-7.83572101593018,1.54455244541168,8.91857772966346
25.88120359,-4.08037376403809,-7.94859600067139,1.49173188209534,9.05841555925755
25.885958277,-4.46435070037842,-7.92980670928955,1.43947494029999,9.21327030572828
25.890712913,-4.96081733703613,-7.77656507492065,1.242067694664,9.30738444322796
25.8954676,-5.41669940948486,-7.52447462081909,0.976034879684448,9.322606657927
25.900222235,-5.86287498474121,-7.1685061454773,0.640928745269775,9.28286448791337
25.904976871,-6.38519287109375,-6.69165372848511,0.279448747634888,9.2534863281668
25.909731558,-7.06726789474487,-6.04584693908691,-0.180150985717773,9.30220377569817
25.914486194,-7.93323612213135,-5.25483417510986,-0.797547578811646,9.54911512747964
25.919240881,-8.56079578399658,-4.54067707061768,-1.46251821517944,9.80020062267393
25.923995517,-8.92909526824951,-4.04847002029419,-2.12474727630615,10.0316201484539
25.928750152,-9.21012306213379,-3.69593191146851,-2.71252155303955,10.2880538825166
25.93350484,-9.8574800491333,-3.33629512786865,-3.45259428024292,10.9645421866701
25.938259475,-10.1278953552246,-3.18871974945068,-4.31305027008057,11.4605672023316
25.94301411,-9.66794109344482,-3.43611764907837,-4.78864145278931,11.3228563731948
25.947768798,-9.27724456787109,-3.22157144546509,-5.47846508026123,11.245415465245
25.952523433,-8.61114501953125,-3.16148471832275,-5.61600542068481,10.7557575770723
25.957278121,-7.13695192337036,-3.8429741859436,-4.85899305343628,9.45062679633847
25.962032756,-5.63841676712036,-4.72222661972046,-3.1981372833252,8.01992830209443
25.966787444,-4.48910665512085,-5.19877767562866,-1.58113288879395,7.04835790051067
25.971542079,-4.05978488922119,-4.89534044265747,-1.63168799877167,6.5657152787493
25.976296715,-2.84314250946045,-4.91948461532593,-1.85904383659363,5.97836367210178
25.981051402,-1.79753637313843,-3.52240514755249,-2.98602604866028,4.9552826962281
25.985806038,-0.523015379905701,-1.9879469871521,-2.8403856754303,3.5061758507717
25.990560725,0.503202676773071,-0.224642753601074,-2.4673216342926,2.52811260581988
25.99531536,1.36731600761414,1.56493282318115,-1.75887036323547,2.72253425330439
26.000069996,1.93417048454285,3.08310031890869,-1.05546045303345,3.78952764967471
26.004824683,1.95066905021667,4.18571281433106,-0.616665899753571,4.65892459044438
26.009579319,1.37378907203674,4.59752941131592,-0.577376484870911,4.83300493561142
26.014334006,-0.448219776153564,3.84045505523682,-0.925382852554321,3.97571747271241
26.019088642,-3.24495601654053,2.60036468505859,-2.68926167488098,4.95214745343534
26.023843277,-4.22390842437744,0.26422119140625,-4.33272361755371,6.05670778241964
26.028597965,-1.8681423664093,-2.67949914932251,1.01991534233093,3.42197295400116
26.0333526,1.07737278938293,-5.72436904907227,8.68962097167969,10.4612927388891
26.038107288,2.60347485542297,-8.35791969299316,10.9364099502563,14.0084961904342
26.042861923,3.72945833206177,-10.1537485122681,9.54066848754883,14.4233083406782
26.047616558,5.12981700897217,-10.8926706314087,7.5857367515564,14.2305550873396
26.052371246,6.14530467987061,-10.2155714035034,4.13352537155151,12.6177930204048
26.057125881,6.00200080871582,-8.32786178588867,-0.679470956325531,10.2878071722394
26.061880569,4.90007543563843,-6.12856864929199,-4.79122829437256,9.19380016820183
26.066635204,3.50883150100708,-4.49937534332275,-7.39585876464844,9.34103869220053
26.07138984,2.00182938575745,-3.73430681228638,-8.78738021850586,9.75553275646997
26.076144527,0.115910768508911,-2.86356353759766,-9.3473539352417,9.7768326686506
26.080899163,-0.0492300987243652,-2.30578756332397,-8.19051837921143,8.50903468144302
26.08565385,0.884765148162842,-2.89049100875855,-7.58760118484497,8.16758467231154
26.090408485,0.384554862976074,-3.65649461746216,-7.30476570129395,8.17786263524698
26.095163121,-0.933583974838257,-3.18693065643311,-8.0079460144043,8.66921596319999
26.099917808,-3.7034752368927,-0.33085823059082,-8.06224536895752,8.8783442368667
26.104672444,-7.59962463378906,4.48008537292481,-7.12322092056274,11.3386831601527
26.109427131,-9.48574352264404,9.7653226852417,-4.13226318359375,14.2273137430354
26.114181767,-5.49978351593018,14.5180349349976,2.02895045280457,15.656870601619
26.118936402,5.72560787200928,17.2811965942383,11.0625486373901,21.3026365407512
26.12369109,13.6538143157959,18.8217086791992,12.0459251403809,26.1875480994792
26.128445725,12.2678384780884,19.8088073730469,5.57750177383423,23.9582394283066
26.133200413,6.65081977844238,15.6319694519043,-5.60842990875244,17.8898395384637
26.137955048,0.608192920684815,6.64499568939209,-12.0068006515503,13.7364161347449
26.142709683,-3.65094089508057,-0.387371063232422,-7.37763833999634,8.24069009463318
26.147464371,-8.34057807922363,-3.71255111694336,0.47336620092392,9.14179162154336
26.152219006,-14.3928480148315,-4.08237648010254,5.92357492446899,16.0906373891506
26.156973694,-19.9978847503662,-3.61501121520996,6.79509973526001,21.4279509283355
26.161728329,-25.308536529541,-3.21115207672119,1.89274716377258,25.5815560659025
26.166482965,-29.5356960296631,-3.25076246261597,-4.60657835006714,30.0690099710701
26.171237652,-31.0606460571289,-3.8890552520752,-5.59042072296143,31.7984478882169
26.175992288,-29.0360374450684,-4.17003393173218,0.78267639875412,29.3443901938407
26.180746975,-24.7420845031738,-4.33326148986816,3.90841245651245,25.4209281622837
26.18550161,-20.379846572876,-3.96812677383423,-1.72514581680298,20.8341139604356
26.190256246,-15.3608341217041,-3.02402687072754,-7.98147487640381,17.5728172081786
26.195010933,-10.5177021026611,-1.63752365112305,-12.2903385162354,16.2590270948777
26.199765569,-7.13884973526001,0.322836875915527,-13.3082389831543,15.1055163441645
26.204520256,-4.47883176803589,2.29651165008545,-10.233512878418,11.4043274943371
26.209274892,-2.0280556678772,3.36197090148926,-8.39358901977539,9.26650930865357
26.214029527,-0.0619985908269882,3.62133407592773,-9.6895809173584,10.3443647784084
26.218784215,1.47966325283051,3.30201435089111,-10.8243551254272,11.4131225348995
26.22353885,2.69124817848206,2.50436687469482,-10.3229637145996,10.9580221780298
26.228293538,3.41836500167847,1.24833583831787,-9.64424705505371,10.3080096482707
26.233048173,3.70535469055176,-0.0897083282470703,-9.04219436645508,9.77235795126758
26.237802808,3.22293281555176,-0.895216941833496,-7.57091903686523,8.27692722991295
26.242557496,1.72809231281281,-0.748256683349609,-5.6638650894165,5.96871500885166
26.247312131,-0.5262730717659,0.17070198059082,-4.41135978698731,4.44591921682032
26.252066819,-2.825026512146,1.28696727752686,-3.52170991897583,4.69462461983548
26.256821454,-4.78332662582398,2.31083393096924,-2.63948225975037,5.93186595139946
26.26157609,-6.31705093383789,2.86462593078613,-1.81337308883667,7.16934698444367
26.266330777,-7.29868698120117,2.83888053894043,-1.02963542938232,7.8987482224318
26.271085413,-7.74625158309937,2.29638385772705,-0.262540817260742,8.08373181713908
26.2758401,-7.80702781677246,1.57475280761719,0.5569988489151,7.98371952504908
26.280594735,-7.44004678726196,0.870326995849609,1.37435793876648,7.61581414033996
26.285349371,-6.78475189208984,0.486740112304688,1.42325258255005,6.94949077903399
26.290104058,-5.6280517578125,0.275495529174805,0.777148365974426,5.68813009326865
26.294858694,-3.88153767585754,0.16696834564209,0.0322740077972412,3.88526122276577
26.299613329,-2.00516200065613,0.22795581817627,-0.622081518173218,2.11178216659967
26.304368017,-0.328889608383179,0.403337478637695,-1.33861660957336,1.43622558242149
26.309122652,0.966015756130219,0.638038635253906,-1.94739556312561,2.26553067082523
26.31387734,1.85872375965118,0.846007347106934,-2.27153301239014,3.05457765860175
26.318631975,2.29963493347168,1.02250862121582,-2.34475445747376,3.43972646783825
26.32338661,2.30120515823364,1.12218952178955,-2.20308256149292,3.37763634452402
26.328141298,1.95469188690186,1.17380523681641,-1.95427560806274,3.00297057244432
26.332895933,1.46373522281647,1.1080493927002,-1.69666647911072,2.49979427163813
26.337650621,0.914727628231049,0.982388496398926,-1.35872983932495,1.90996349912195
26.342405256,0.432274341583252,0.880610466003418,-0.964291095733643,1.3755701423545
26.347159892,0.133936285972595,0.910304069519043,-0.379555463790894,0.995316420931848
26.351914579,-0.123161196708679,1.12638568878174,0.0344622135162354,1.13362297278569
26.356669215,-0.240609645843506,1.31121635437012,0.0771424770355225,1.33533976627815
26.361423902,-0.15877377986908,1.38107490539551,0.221590995788574,1.40772141310051
26.366178538,0.0624245405197144,1.31212615966797,0.603553056716919,1.44563071855037
26.370933173,0.246170401573181,1.10226249694824,0.709222793579102,1.33363392642862
26.37568786,0.423597574234009,0.864027976989746,0.766113638877869,1.23000380389356
26.380442496,0.673460960388184,0.628617286682129,0.987314701080322,1.35037020007548
26.385197183,0.909637212753296,0.408097267150879,0.990679264068604,1.40549942815254
26.389951819,1.12948966026306,0.188141822814941,0.917698264122009,1.46741757591554
26.394706454,1.42359566688538,-0.0240325927734375,1.04833793640137,1.76811046521096
26.399461142,1.70572519302368,-0.216468811035156,1.17696535587311,2.08365175333887
26.404215777,1.89704072475433,-0.329419136047363,1.3012820482254,2.32392242719165
26.408970465,2.07680702209473,-0.365276336669922,1.42618668079376,2.54569492626797
26.4137251,2.16402149200439,-0.345590591430664,1.38678729534149,2.59337634701616
26.418479735,2.17333507537842,-0.227380752563477,1.32662081718445,2.55636659129585
26.423234423,2.2435040473938,-0.0848627090454102,1.41522145271301,2.65393365596769
26.427989058,2.30768370628357,0.0652379989624023,1.54243135452271,2.7764644006668
26.432743694,2.34450674057007,0.148830413818359,1.6291743516922,2.85885841147608
26.437498381,2.31097006797791,0.213793754577637,1.67307889461517,2.86102838367482
26.442253017,2.22128081321716,0.226716041564941,1.61221897602081,2.75404042114693
26.447007704,2.18756508827209,0.156574249267578,1.64510715007782,2.74159334077791
26.45176234,2.29324817657471,0.079920768737793,1.79074692726135,2.91069563612117
26.456516975,2.38076233863831,0.0375747680664063,1.92265057563782,3.06039644691243
26.461271663,2.43593049049377,0.0773420333862305,2.02411890029907,3.16809035022574
26.466026298,2.37525129318237,0.177635192871094,1.84657573699951,3.01383724178765
26.470780933,2.29190230369568,0.30002498626709,1.85361564159393,2.96289083646897
26.475535621,2.22659397125244,0.461216926574707,1.96843194961548,3.00751826369246
26.480290256,2.17231607437134,0.611062049865723,1.9591212272644,2.98839588054799
26.485044944,2.1505560874939,0.809357643127441,2.0433292388916,3.07492205729758
26.489799579,2.2043948173523,0.989207267761231,2.26877284049988,3.31439553028168
26.494554215,2.39351773262024,1.16740608215332,2.54686212539673,3.68487052456344
26.499308902,2.75848746299744,1.3344612121582,2.84883975982666,4.18400857879594
26.504063538,3.29202270507813,1.39728546142578,3.16997766494751,4.77897254101003
26.508818173,3.93964719772339,1.29641628265381,3.61505031585693,5.50182733340815
26.51357286,4.69226264953613,1.06567764282227,4.33899450302124,6.47918751911778
26.518327496,5.61240863800049,0.638630867004395,4.78963804244995,7.40591740987415
26.523082183,6.67641067504883,0.0827693939208984,4.96763944625855,8.32218432519371
26.527836819,7.91295433044434,-0.472471237182617,5.39923048019409,9.59112949990352
26.532591454,9.01146602630615,-0.730461120605469,5.19546031951904,10.4275069562999
26.537346142,9.96240043640137,-0.660127639770508,5.17282438278198,11.2447011099052
26.542100777,10.4836359024048,-0.199572563171387,4.31116724014282,11.3372224955957
26.546855465,10.4889507293701,0.605496406555176,2.93736839294434,10.9093009114871
26.5516101,10.1166458129883,1.52260208129883,2.41877365112305,10.5126260077488
26.556364735,9.46475505828857,2.17388916015625,2.46000099182129,10.0179332835573
26.561119423,8.48103713989258,2.6052188873291,2.60392332077026,9.24638162091446
26.565874058,7.21137809753418,2.92916393280029,2.69934153556824,8.23835057134968
26.570628694,6.08613872528076,3.1311674118042,2.63995718955994,7.33584813820569
26.575383381,5.37305927276611,3.27557849884033,2.70160722732544,6.84820137419016
26.580138017,5.12496471405029,3.40778541564941,2.91132068634033,6.80838107761945
26.584892704,5.02408885955811,3.7238130569458,3.20819163322449,7.02856643329972
26.58964734,5.10138082504273,4.20452499389648,3.47265458106995,7.46735874227561
26.594401975,5.48746776580811,4.7159423828125,3.69562435150147,8.12465718576488
26.599156663,6.15780830383301,5.2747220993042,4.24979972839356,9.15434836911382
26.603911298,6.63914299011231,5.92853021621704,4.87107372283936,10.1465782104654
26.608665985,6.87932538986206,6.68437767028809,5.24557113647461,10.9326135579038
26.613420621,7.2271089553833,7.45124197006226,5.85623455047607,11.9183721144957
26.618175256,7.78259468078613,8.29842758178711,6.89852905273438,13.3049758882527
26.622929944,8.44287776947022,9.09197235107422,7.32934665679932,14.4106026479966
26.627684579,9.15029907226563,9.79850006103516,6.79321670532227,15.0295166177586
26.632439267,9.86876392364502,10.367977142334,5.95793151855469,15.5043348578514
26.637193902,10.5505027770996,10.8366928100586,5.28269004821777,16.0204192846099
26.641948538,11.1614189147949,11.2505931854248,4.58723306655884,16.4983582947637
26.646703225,11.6718654632568,11.5193099975586,3.56072783470154,16.7811122672199
26.65145786,12.0665626525879,11.6169395446777,1.7802859544754,16.8441276625781
26.656212496,12.5910758972168,11.4721050262451,-0.135301113128662,17.0341625087319
26.660967183,13.2334156036377,11.2644577026367,-1.44995903968811,17.4388553835929
26.665721819,13.4325723648071,11.1903076171875,-2.51905560493469,17.6635960677269
26.670476454,12.7758445739746,11.3023071289063,-3.47445702552795,17.4079350480384
26.675231142,11.2982940673828,11.305911064148,-4.84178352355957,16.7008365512777
26.679985777,9.49443340301514,11.0540857315063,-5.44269847869873,15.5550648900547
26.684740465,7.87273025512695,10.5020637512207,-4.80404949188232,13.9768421406679
26.6894951,6.61315155029297,9.59796237945557,-3.55846691131592,12.1867691380249
26.694249735,5.45487594604492,8.66085243225098,-2.91335725784302,10.642071553593
26.699004423,4.35964441299439,7.97367906570435,-3.29288506507874,9.66587550625516
26.703759058,3.18384408950806,7.57527303695679,-4.06143856048584,9.16607374786725
26.708513694,2.31657123565674,7.18642091751099,-4.14152240753174,8.61181489266921
26.713268381,1.23215246200562,7.27916145324707,-4.33615589141846,8.5619296345361
26.718023017,0.422942161560059,7.27544260025024,-3.85775327682495,8.24579926061839
26.722777704,-0.290658473968506,6.95410585403442,-3.23166370391846,7.6738335187069
26.72753234,-1.57903099060059,6.29347324371338,-4.17395305633545,7.71511687890114
26.732286975,-3.15656328201294,5.30893898010254,-4.48341226577759,7.63214978841017
26.73704161,-4.47573184967041,4.08734607696533,-4.05977487564087,7.29522758959053
26.741796298,-5.00519466400147,2.76145935058594,-3.98315095901489,6.96728949676906
26.746550933,-4.76138067245483,1.66442251205444,-3.91424298286438,6.38453963380001
26.751305621,-4.40727949142456,1.1164493560791,-3.32132697105408,5.63043377803809
26.756060256,-4.40319204330444,1.31439399719238,-2.69493436813355,5.32713834986687
26.760814944,-5.03467702865601,2.32324314117432,-2.18625593185425,5.96029751568308
26.765569579,-5.97545528411865,3.61923694610596,-1.68021941184998,7.1852682063036
26.770324215,-6.19128179550171,4.36426639556885,-1.33189630508423,7.69108179714007
26.775078902,-6.13049173355103,4.5468373298645,-0.551795482635498,7.6525248679141
26.779833538,-5.68135070800781,4.19827222824097,-0.304496049880981,7.0707816692494
26.784588173,-4.84232330322266,3.20101451873779,-0.382299900054932,5.81727961642599
26.78934286,-3.8262095451355,1.88861179351807,-0.354756116867065,4.28165690969701
26.794097496,-2.73946237564087,0.447068691253662,-0.397098302841187,2.80396354904455
26.798852183,-1.70911550521851,-0.877450466156006,-0.450942516326904,1.97340930467223
26.803606819,-0.813398361206055,-2.02252960205078,-0.535408020019531,2.24475046120624
26.808361454,-0.290175914764404,-2.86134934425354,-0.820899248123169,2.99088577296738
26.813116142,-0.145402908325195,-3.43511343002319,-1.19608116149902,3.64029620055401
26.817870777,-0.282333850860596,-3.73070430755615,-1.41212320327759,3.99899474555728
26.822625413,-0.623653888702393,-3.68314552307129,-1.38615441322327,3.98446096408436
26.8273801,-1.12107419967651,-3.49122214317322,-1.05071234703064,3.81437227474797
26.832134735,-1.67870378494263,-3.26543545722961,-0.513391494750977,3.70738262791902
26.836889371,-2.28435325622559,-3.12334585189819,0.00575804710388184,3.8695726204459
26.841644058,-2.80648469924927,-3.21589016914368,0.530714750289917,4.30115845944909
26.846398694,-3.25704193115234,-3.5524115562439,1.1218683719635,4.94838747979903
26.851153381,-3.54525089263916,-4.15130949020386,1.74736845493317,5.73196919849635
26.855908017,-3.82891845703125,-4.65543460845947,2.13948225975037,6.39617637999636
26.860662652,-3.52744436264038,-5.15035343170166,2.06424307823181,6.57496035645786
26.86541734,-3.13857698440552,-5.66428565979004,1.71051394939423,6.69780975348026
26.870171975,-2.73658084869385,-6.06093215942383,1.34029221534729,6.78381578502073
26.87492661,-2.43171548843384,-6.44783353805542,1.21094346046448,6.99672649283956
26.879681298,-2.29854393005371,-6.82946395874023,1.19555258750916,7.30439786372692
26.884435933,-2.23453807830811,-7.13342666625977,1.28734481334686,7.58526157062272
26.889190621,-2.20379686355591,-7.33745527267456,1.40506899356842,7.78904290468386
26.893945256,-2.32779264450073,-7.36666393280029,1.35010921955109,7.8427769953843
26.898699892,-2.61533737182617,-7.32552289962769,1.11737287044525,7.8582311911172
26.903454579,-2.97702598571777,-7.22517395019531,0.84262752532959,7.85976103177844
26.908209215,-3.48588275909424,-7.07675266265869,0.666228532791138,7.91679653120518
26.91296385,-4.08352518081665,-6.95606327056885,0.534805774688721,8.08381168404862
26.917718538,-4.73321723937988,-6.82181596755981,0.478764772415161,8.31683438801824
26.922473173,-5.59907245635986,-6.57072162628174,0.432974100112915,8.64357921425047
26.927227808,-6.60171413421631,-6.19771766662598,0.239524602890015,9.05823966455452
26.931982496,-7.59568595886231,-5.62628173828125,-0.137215614318848,9.45348187225151
26.936737131,-8.46227645874023,-5.1909875869751,-0.364797830581665,9.93426154525216
26.941491819,-8.91769695281982,-4.9628963470459,-0.366773128509522,10.2122564412401
26.946246454,-9.6385669708252,-4.36271047592163,-0.723549842834473,10.6046565395992
26.95100109,-9.39449501037598,-4.48475074768066,-1.00629007816315,10.4585919458697
26.955755777,-9.43574714660645,-4.51709508895874,-1.43402123451233,10.5590666802715
26.960510413,-9.42709350585938,-4.34668159484863,-1.77802956104279,10.5320995995648
26.965265048,-9.22550201416016,-4.09490823745728,-2.10822868347168,10.311294247973
26.970019735,-8.75465106964111,-3.87830400466919,-2.73135185241699,9.95718033609431
26.974774371,-8.51389980316162,-3.54336881637573,-3.46454477310181,9.85114322867993
26.979529058,-7.64505100250244,-3.79244947433472,-3.35412955284119,9.16949632768823
26.984283694,-6.25479078292847,-4.06997871398926,-2.61115026473999,7.9060255612782
26.989038329,-4.57911825180054,-4.23459815979004,-2.06699132919312,6.57058587142954
26.993792965,-3.55819988250732,-4.15994071960449,-2.31780099868774,5.9445853231337
26.998547652,-3.45342898368835,-3.71075487136841,-2.74093580245972,5.76269056378777
27.003302288,-3.316086769104,-2.71392488479614,-3.62023878097534,5.60962998528604
27.008056975,-2.92054080963135,-1.86647415161133,-3.36412930488586,4.83018119322114
27.01281161,-2.85330295562744,-0.815634727478027,-2.78612208366394,4.07051274784152
27.017566246,-2.85265374183655,0.28907585144043,-2.27717018127441,3.66151638712507
27.022320933,-2.44761490821838,1.45366477966309,-2.0936586856842,3.53374683907984
27.027075569,-2.21514916419983,2.14900207519531,-1.8352324962616,3.59070662324055
27.031830204,-1.91208720207214,2.31032466888428,-1.41310715675354,3.3151997497061
27.036584892,-2.54278206825256,2.52057838439941,-1.44831252098084,3.86220988515101
27.041339527,-3.16005349159241,2.30812931060791,-2.76709365844727,4.79272430866118
27.046094215,-2.22788000106812,0.933745384216309,-4.03596448898315,4.70365167694607
27.05084885,1.13782572746277,-1.78024435043335,-0.173175513744354,2.11988374489892
27.055603485,4.1834774017334,-4.59295988082886,4.43636989593506,7.63401214901288
27.060358173,5.0105676651001,-6.97497987747192,5.34800291061401,10.117176866578
27.065112808,5.07160949707031,-8.88630199432373,4.71569347381592,11.2661151673541
27.069867444,5.82390403747559,-10.1692132949829,5.03524494171143,12.7547814132431
27.074622131,6.7340841293335,-10.398458480835,4.83417987823486,13.2983127852266
27.079376767,6.35805130004883,-9.1077995300293,2.11787557601929,11.3076180324927
27.084131402,4.10022354125977,-6.86414384841919,-1.37073147296906,8.11216423841873
27.08888609,1.38665580749512,-4.77974796295166,-3.57642555236816,6.12859075558422
27.093640725,-0.891381978988648,-3.43035840988159,-4.60641431808472,5.81214018435266
27.098395413,-2.53843784332275,-2.92086839675903,-4.82527828216553,6.18534149226517
27.103150048,-3.6957368850708,-3.11510848999023,-4.53073215484619,6.62494572710141
27.107904683,-4.71178436279297,-3.6670560836792,-4.25346088409424,7.3307667876443
27.112659371,-5.60017347335815,-4.14027500152588,-4.30606365203857,8.18816244314756
27.117414006,-6.40620899200439,-3.79515790939331,-4.55638217926025,8.72945334886149
27.122168642,-6.26149940490723,-2.88661193847656,-5.0541672706604,8.54888940628102
27.126923329,-5.27325868606567,-2.30030965805054,-5.16513919830322,7.73158099168185
27.131677965,-5.52754545211792,-2.03357839584351,-6.66613245010376,8.8953089693162
27.1364326,-5.51883029937744,-1.37702322006226,-8.57625579833984,10.2910565220717
27.141187288,-5.07692003250122,0.323845863342285,-9.39455795288086,10.6835252744426
27.145941923,-5.45208644866943,3.09330272674561,-7.94189262390137,10.1176789261488
27.15069661,-5.80926036834717,6.89947032928467,-3.82215213775635,9.79586871166024
27.155451246,-2.02696132659912,11.6602077484131,4.98642873764038,12.8426433615221
27.160205881,5.7367091178894,17.2146415710449,16.9690265655518,24.8435419879136
27.164960569,12.2402420043945,21.2553539276123,16.0798263549805,29.3287301211718
27.169715204,12.6818246841431,21.8456611633301,1.9023243188858,25.3314118595193
27.174469788,8.42915534973145,16.9948539733887,-10.83420753479,21.8461844355854
27.179224527,3.9166955947876,7.26101684570313,-12.4758987426758,14.9569689259994
27.183979163,2.16289901733398,-1.18045330047607,-7.08956623077393,7.50556803275536
27.188733798,0.78728199005127,-6.30272674560547,-2.34550714492798,6.77093650306498
27.193488485,-4.73667335510254,-8.26311206817627,0.141070246696472,9.52549192108637
27.198243121,-12.7976684570313,-8.12637424468994,-0.210935413837433,15.1612258755571
27.202997756,-19.5012397766113,-7.58486175537109,-1.21648144721985,20.9596829123059
27.207752444,-24.3857555389404,-7.16171169281006,-3.98583936691284,25.7262920576349
27.212507079,-27.0194931030273,-7.00318765640259,-5.70084095001221,28.4885456356176
27.217261767,-28.050178527832,-6.50085115432739,-3.19096660614014,28.9699128244368
27.222016402,-27.4569206237793,-5.28796577453613,1.19692134857178,27.9870986864993
27.226771038,-25.0193729400635,-3.37052345275879,1.77681946754456,25.3078355076017
27.231525725,-21.0947608947754,-1.41420364379883,-1.48977792263031,21.1945357913929
27.23628036,-16.5455150604248,0.0229825973510742,-4.40343713760376,17.1214735183439
27.241034996,-12.2641382217407,1.16984939575195,-5.55112504959106,13.5126837914198
27.245789683,-8.72308540344238,2.30818843841553,-6.06184768676758,10.8704162846026
27.250544319,-5.49529838562012,3.0913724899292,-6.99915504455566,9.42035347299766
27.255298954,-2.48984813690186,3.39312553405762,-8.10373497009277,9.13143828212248
27.260053642,0.0488079786300659,3.21645259857178,-8.72193050384522,9.29623694037231
27.264808277,2.0787181854248,2.65776348114014,-8.91413402557373,9.53134625548717
27.269562913,3.6528468132019,1.85403633117676,-9.38051986694336,10.2359608016132
27.2743176,4.58465623855591,1.02793502807617,-10.813684463501,11.7903136058308
27.279072235,4.95317268371582,0.298624992370605,-11.5583114624023,12.5784601753425
27.283826923,4.57299041748047,-0.296077728271484,-10.1975717544556,11.179909349669
27.288581558,3.16715335845947,-0.447915077209473,-8.41665935516357,9.00397928769581
27.293336194,1.10002183914185,-0.140531539916992,-7.66973876953125,7.74949610962875
27.298090881,-0.867045402526856,0.472248077392578,-7.42129564285278,7.4866825093141
27.302845517,-2.71032023429871,1.16014099121094,-6.55740833282471,7.1896708502779
27.307600152,-4.47977590560913,1.72447299957275,-4.9994421005249,6.93084559106841
27.31235484,-6.02932643890381,1.99350070953369,-3.46317839622498,7.23328604369101
27.317109475,-7.31166553497314,1.96527767181396,-2.22872924804688,7.89240161698226
27.32186411,-8.26360130310059,1.74521541595459,-1.11024594306946,8.51854033263877
27.326618798,-8.81104278564453,1.44583511352539,-0.0146002769470215,8.9288928380874
27.331373433,-8.837646484375,1.15566921234131,0.685734868049622,8.93922809980808
27.336128069,-8.24411106109619,0.884334564208984,0.898584961891174,8.33995621948222
27.340882756,-7.09610080718994,0.698651313781738,1.02603268623352,7.20385337144436
27.345637392,-5.62855339050293,0.572242736816406,1.02771306037903,5.75015383742512
27.350392027,-4.11208629608154,0.567383766174316,0.531927585601807,4.18498805265486
27.355146715,-2.77197074890137,0.669707298278809,-0.330857276916504,2.87085287603202
27.35990135,-1.62783229351044,0.869511604309082,-0.933626413345337,2.06822307440945
27.364655985,-0.70927095413208,1.052001953125,-1.43349266052246,1.91433398432092
27.369410673,0.04056715965271,1.16708183288574,-1.86080813407898,2.19689157924298
27.374165308,0.595272183418274,1.21719264984131,-2.06010174751282,2.46575062187656
27.378919944,0.928976655006409,1.21433162689209,-2.0676155090332,2.571503999377
27.383674631,1.01618790626526,1.1729097366333,-1.89337921142578,2.44810946433943
27.388429267,0.938932657241821,1.1431941986084,-1.54491806030273,2.13898558284451
27.393183954,0.783853888511658,1.11088848114014,-0.962760448455811,1.66595552677
27.39793859,0.611144423484802,1.11192512512207,-0.433887004852295,1.34094478753377
27.402693225,0.437989354133606,1.1318998336792,-0.278793573379517,1.2452942481097
27.407447913,0.444066524505615,1.10145092010498,-0.0123691558837891,1.18766249566275
27.412202548,0.443565845489502,1.09477806091309,0.646834373474121,1.34673099342411
27.416957183,0.281791210174561,1.17171955108643,1.04592478275299,1.5957103884185
27.421711871,0.164326429367065,1.27489280700684,1.21897792816162,1.77151405133899
27.426466506,0.234161615371704,1.31588363647461,1.25501894950867,1.83342683804971
27.431221142,0.559962749481201,1.22789573669434,1.13789033889771,1.76524237552677
27.435975829,1.10556900501251,1.09482383728027,1.24804043769836,1.99462452447868
27.440730465,1.59646487236023,0.938347816467285,1.51582252979279,2.39309729329513
27.4454851,1.78482449054718,0.806411743164063,1.55380201339722,2.50003981136444
27.450239788,1.78100538253784,0.684642791748047,1.48164033889771,2.41577606966586
27.454994423,1.76400470733643,0.534801483154297,1.44319260120392,2.3410532070115
27.459749058,1.88362693786621,0.342625617980957,1.46541440486908,2.4109919396692
27.464503746,2.12275648117065,0.175158500671387,1.51282048225403,2.61254691637046
27.469258381,2.31904435157776,-0.00345993041992188,1.50391530990601,2.76400794772245
27.474013069,2.46342635154724,-0.150186538696289,1.52922582626343,2.90336994088146
27.478767704,2.51296329498291,-0.291282653808594,1.39291906356812,2.88791509985883
27.48352234,2.4081506729126,-0.42438793182373,1.37934076786041,2.80746785093058
27.488277027,2.09634304046631,-0.446736335754395,1.32371652126312,2.51921672860033
27.493031663,1.68500590324402,-0.420649528503418,1.20465779304504,2.11362042906041
27.497786298,1.47508037090302,-0.374971389770508,1.22521877288818,1.95387478749469
27.502540985,1.43797528743744,-0.235664367675781,1.4015805721283,2.02181569922688
27.507295621,1.45705687999725,-0.0577058792114258,1.40103626251221,2.02218874710475
27.512050256,1.42021095752716,0.161210060119629,1.35244417190552,1.96776347295227
27.516804944,1.46127355098724,0.382782936096191,1.26056170463562,1.96744986675014
27.521559579,1.55844926834106,0.511404037475586,1.10877859592438,1.97982024091056
27.526314215,1.79274082183838,0.638025283813477,1.15067052841187,2.22374427082492
27.531068902,2.06364846229553,0.769879341125488,1.23794770240784,2.52663287592863
27.535823538,2.3758499622345,0.940462112426758,1.31095767021179,2.87188823616919
27.540578173,2.73181843757629,1.09723567962646,1.35544657707214,3.24098650657847
27.54533286,3.13405299186707,1.24029064178467,1.43356609344482,3.66274770851122
27.550087496,3.60875201225281,1.31950092315674,1.97308564186096,4.31940282009771
27.554842131,4.15357542037964,1.2728910446167,2.17531061172485,4.85843767498669
27.559596819,4.3839693069458,1.3444766998291,1.10394644737244,4.71651378025045
27.564351454,5.21321630477905,1.42899703979492,2.45478940010071,5.93680450907756
27.56910609,6.08753061294556,1.27356433868408,4.11449241638184,7.45714710413981
27.573860777,6.79963684082031,1.07995796203613,4.21290493011475,8.07155117167643
27.578615413,7.47593307495117,0.802986145019531,3.56275629997253,8.32031216621325
27.583370048,8.20451641082764,0.578784942626953,3.06549096107483,8.77760311120201
27.588124735,8.82103538513184,0.627405166625977,3.00033211708069,9.33843109529876
27.592879371,8.95326805114746,1.14721488952637,2.8890872001648,9.47754903171727
27.597634006,8.47251319885254,2.00402164459229,3.04776573181152,9.22434055164539
27.602388694,7.65843439102173,2.82457542419434,3.05332493782043,8.71508099930592
27.607143329,6.9434118270874,3.32902145385742,3.12280106544495,8.3093464324894
27.611898017,6.65477418899536,3.34534358978272,3.50320434570313,8.23102569112577
27.616652652,6.69973945617676,3.20151138305664,3.80310463905334,8.34264878872903
27.621407288,6.93082332611084,3.12976932525635,3.68458867073059,8.45032317012515
27.626161975,7.16415309906006,3.26644039154053,3.56118297576904,8.64157084361209
27.63091661,7.40192317962647,3.61139297485352,3.49985265731812,8.94872027715972
27.635671246,7.62216567993164,4.11917114257813,3.41748905181885,9.31365728237183
27.640425933,7.86014652252197,4.69163703918457,3.27625608444214,9.72251075565396
27.645180569,8.14637756347656,5.34296798706055,3.60914659500122,10.3892595242239
27.649935152,8.35164070129395,6.01565361022949,4.67319679260254,11.3038382430114
27.654689892,8.24908447265625,6.81964063644409,5.26032447814941,11.9258503538606
27.659444527,8.18982696533203,7.68769502639771,5.55503702163696,12.5312551986119
27.664199163,8.44813919067383,8.52621459960938,6.10201358795166,13.4648416630549
27.66895385,8.9973030090332,9.27532005310059,6.29084777832031,14.3721184692378
27.673708485,9.82263946533203,9.88482284545898,6.39130306243897,15.3311031432167
27.678463121,10.6804485321045,10.1304340362549,6.56054592132568,16.1164027436543
27.683217808,11.4657974243164,10.1087942123413,5.85507488250732,16.3686936828415
27.687972444,12.0038022994995,10.0983409881592,4.41946887969971,16.2972226326218
27.692727079,12.0546808242798,10.2018299102783,3.20243501663208,16.1136046038514
27.697481767,11.7489719390869,10.3396759033203,1.9298882484436,15.7693280789841
27.702236402,11.3438510894775,10.430061340332,0.787039041519165,15.4301188445263
27.70699109,10.824146270752,10.4367733001709,-0.211043834686279,15.0377165457377
27.711745725,10.1727476119995,10.3618984222412,-1.02844333648682,14.5571779059903
27.71650036,9.42334365844727,10.1524353027344,-2.41447019577026,14.0606192825092
27.721255048,8.49779319763184,9.85109901428223,-4.13874006271362,13.6523188625823
27.726009683,7.63298177719116,9.39784717559815,-4.35466480255127,12.8664310470856
27.730764319,6.65230369567871,9.04183864593506,-3.24766373634338,11.6856882682632
27.735519006,5.22608470916748,8.83853721618652,-1.81432056427002,10.4270542637526
27.740273642,3.62580323219299,8.81837940216065,-0.924727916717529,9.57942514345141
27.745028277,2.29859638214111,8.98666191101074,-1.85677123069763,9.45998081572843
27.749782965,1.12152719497681,9.13731002807617,-3.6235568523407,9.89335241767921
27.7545376,1.30570650100708,8.55033874511719,-4.50002193450928,9.75004407857159
27.759292235,1.31827259063721,8.15004539489746,-5.49590015411377,9.91796355438466
27.764046923,1.4873218536377,7.50485944747925,-5.65257930755615,9.5124494453815
27.768801558,1.48100852966309,6.63621711730957,-4.16644620895386,7.97446160597149
27.773556194,0.911410331726074,5.74796485900879,-3.96810412406921,7.04383554270201
27.778310881,-0.219660758972168,4.73726272583008,-4.28128719329834,6.38900062717728
27.783065517,-1.73429012298584,3.73654174804688,-3.56512475013733,5.44790060019685
27.787820204,-3.24722528457642,2.64768648147583,-2.8512442111969,5.06796895263439
27.79257484,-4.29153871536255,1.61385297775269,-3.13460803031921,5.55406099021235
27.797329475,-4.53594732284546,0.839273929595947,-3.77406024932861,5.96009476519381
27.802084163,-4.01672220230103,0.585079669952393,-4.09086608886719,5.76294723450537
27.806838798,-3.55663537979126,1.15437126159668,-3.28300166130066,4.97597509464086
27.811593433,-3.9526858329773,2.49422550201416,-1.64575147628784,4.95513713945647
27.816348121,-4.82330989837647,3.97532939910889,-0.0551261901855469,6.25064805472522
27.821102756,-5.68396949768066,4.94432592391968,0.90545392036438,7.5877345034214
27.825857392,-5.93142700195313,5.06304407119751,0.294753074645996,7.80404516397747
27.830612079,-5.18724822998047,4.29217863082886,-0.395357370376587,6.7443790706551
27.835366715,-3.99623441696167,2.90592956542969,-0.690945148468018,4.98916038554974
27.84012135,-3.04913854598999,1.36904954910278,-0.902816772460938,3.46216993591841
27.844876038,-2.29036569595337,-0.0951533317565918,-1.01313090324402,2.50624488126208
27.849630673,-1.64749050140381,-1.42633056640625,-0.832598924636841,2.33278048821293
27.854385308,-1.17173099517822,-2.39947104454041,-0.704332113265991,2.76161158464164
27.859139996,-0.969263553619385,-3.04629158973694,-0.615898132324219,3.25556366785805
27.863894631,-1.0579104423523,-3.3324830532074,-0.601301431655884,3.54770083514153
27.868649267,-1.39143085479736,-3.33249545097351,-0.580759525299072,3.65771614271349
27.873403954,-1.85256242752075,-3.19795417785645,-0.512978315353394,3.73122569989459
27.87815859,-2.36745500564575,-2.94662570953369,-0.129581451416016,3.78209434419518
27.882913225,-2.76697778701782,-2.72997570037842,0.505748510360718,3.91978506480123
27.887667913,-3.05681943893433,-2.77784180641174,1.14609408378601,4.2864999513105
27.892422548,-3.1804141998291,-3.07069373130798,1.44511473178864,4.65108063378838
27.897177183,-2.98299932479858,-3.56931900978088,1.43727934360504,4.86868514867061
27.901931871,-2.80207014083862,-4.12701320648193,1.15419244766235,5.1201557873659
27.906686506,-2.12630653381348,-4.61191844940186,0.645673990249634,5.11936189005583
27.911441194,-1.42439413070679,-5.32958555221558,0.7254319190979,5.56413805249501
27.916195829,-0.841495513916016,-5.93696165084839,1.16270923614502,6.10798830314877
27.920950465,-0.584833145141602,-6.37319755554199,1.73745322227478,6.63162277193265
27.925705152,-0.720667362213135,-6.51334953308106,2.03152656555176,6.86077136870111
27.930459788,-1.02877283096313,-6.56751537322998,1.95464992523193,6.9290178269037
27.935214423,-1.35360813140869,-6.64293384552002,1.73631477355957,6.99825792910295
27.93996911,-1.72113180160522,-6.66281843185425,1.6599006652832,7.07889216989221
27.944723746,-2.16163778305054,-6.6864013671875,1.74803841114044,7.24128990132704
27.949478381,-2.58616828918457,-6.6272497177124,1.91594052314758,7.36746451156312
27.954233069,-3.05868244171143,-6.58043003082275,1.93124210834503,7.50914733846877
27.958987704,-3.60968971252441,-6.49987268447876,1.86096918582916,7.66429455630088
27.96374234,-4.1287260055542,-6.37794780731201,1.90091848373413,7.83186361880349
27.968497027,-4.66544103622437,-6.21658706665039,1.94312691688538,8.01174369503017
27.973251663,-5.19540452957153,-5.98914623260498,1.90118861198425,8.15331950556075
27.978006298,-5.763916015625,-5.6810507774353,1.69156217575073,8.26791680929406
27.982760985,-6.28281545639038,-5.36387920379639,1.28115379810333,8.35980413803887
27.987515621,-6.69294548034668,-4.96575689315796,0.794707536697388,8.37172746771671
27.992270256,-6.8875584602356,-4.69677972793579,0.364248633384705,8.34451187444983
27.997024944,-6.81953525543213,-4.67583799362183,0.0690822601318359,8.26887503844048
28.001779579,-6.69451713562012,-4.75853633880615,-0.28119945526123,8.21822979117092
28.006534215,-7.21018743515015,-4.33718252182007,-0.91274619102478,8.46351349539946
28.011288902,-6.40017700195313,-4.76700925827026,-1.1218820810318,8.05886234703785
28.016043538,-6.02613210678101,-5.10226964950562,-1.24055886268616,7.99289747441015
28.020798173,-5.87349796295166,-5.04844427108765,-1.3227653503418,7.85712899544992
28.02555286,-5.68150997161865,-4.92583656311035,-1.50594818592072,7.6688526744719
28.030307496,-5.66713285446167,-4.62907648086548,-1.94464647769928,7.57141953526873
28.035062131,-5.73914241790772,-4.03396558761597,-2.3061990737915,7.3843881414139
28.039816819,-5.51260423660278,-3.61389303207397,-2.55489635467529,7.06940759185781
28.044571454,-4.95814514160156,-3.25617933273315,-3.13542103767395,6.70945394019469
28.049326142,-4.85089492797852,-2.80783891677856,-3.64916229248047,6.68816315752877
28.054080777,-4.65622615814209,-2.52001571655273,-3.27239108085632,6.22410352046843
28.058835413,-4.47273683547974,-2.00317859649658,-3.47752952575684,6.00926874847763
28.0635901,-3.8992645740509,-1.72879981994629,-3.35298490524292,5.42545120802699
28.068344735,-3.50927519798279,-1.26244449615479,-2.91335129737854,4.73248288987777
28.073099371,-3.46735095977783,-0.516927719116211,-2.5143871307373,4.31414876751838
28.077854058,-3.69095039367676,0.329620361328125,-2.31775307655334,4.37078296361844
28.082608694,-3.82638454437256,1.05164813995361,-1.94974994659424,4.42139201450463
28.087363329,-3.50199770927429,1.55073165893555,-1.46450710296631,4.10043140272169
28.092118017,-3.32188177108765,1.28904628753662,-0.951428472995758,3.68805571700366
28.096872652,-4.09039640426636,0.726056098937988,-0.767440795898438,4.22462608736553
28.101627288,-4.2073392868042,0.0818929672241211,-1.76637721061707,4.56382501664494
28.106381975,-2.418137550354,-1.55216693878174,-3.30920314788818,4.38262899322681
28.11113661,0.790852546691895,-3.62540864944458,-0.798795640468597,3.79566991469336
28.115891246,3.04656171798706,-5.2351770401001,4.01717662811279,7.26817205383521
28.120645933,2.96028447151184,-6.14876365661621,5.67342376708984,8.87458821006239
28.125400569,2.45633506774902,-6.75834178924561,4.83960437774658,8.66778727464057
28.130155256,3.16929888725281,-7.22050189971924,4.76560878753662,9.2136382735832
28.134909892,5.15719223022461,-7.35961961746216,4.96571016311646,10.267371135656
28.139664527,7.30806732177734,-7.05339241027832,3.96593284606934,10.9035230917595
28.144419215,8.04579162597656,-6.23907327651978,1.35278534889221,10.270872720397
28.14917385,6.46476078033447,-4.84565782546997,-1.71014857292175,8.25821650539361
28.153928485,3.96198844909668,-3.26904392242432,-3.76726698875427,6.36995299841942
28.158683173,1.82589244842529,-2.05447196960449,-4.6245584487915,5.3797099506754
28.163437808,0.441898107528687,-0.831476211547852,-4.6309061050415,4.72566587705035
28.168192444,1.88827705383301,-0.818929672241211,-3.93663334846497,4.4422199585743
28.172947131,3.12028694152832,-2.18021678924561,-4.04795074462891,5.55656738252334
28.177701767,1.2948169708252,-3.6402325630188,-6.82838439941406,7.84567891306805
28.182456402,0.137800693511963,-4.65941715240479,-9.67998886108398,10.7438978765607
28.18721109,-0.0547442436218262,-4.06796979904175,-8.42255592346191,9.35365294962181
28.191965725,-0.757967710494995,-1.39488697052002,-3.87899494171143,4.19127981271859
28.19672036,-2.58775782585144,2.76525592803955,0.303681224584579,3.79938852961611
28.201475048,-4.9365816116333,7.81821441650391,-0.357416152954102,9.25321895218837
28.206229683,-4.04907417297363,14.2797622680664,3.24755549430847,15.1938549676949
28.210984319,-1.82785618305206,21.9641494750977,10.0434684753418,24.2205734739196
28.215739006,0.793386220932007,25.5501461029053,10.5515489578247,27.6545586293606
28.220493642,1.21946668624878,24.3134117126465,8.23869514465332,25.700295441766
28.225248329,-1.1433641910553,16.963493347168,-1.48269867897034,17.0665105860987
28.230002965,-2.7397985458374,5.88753700256348,-7.76467084884644,10.1222379649588
28.2347576,-2.9099702835083,-2.83577394485474,-3.71168828010559,5.5032872727027
28.239512288,-4.80230045318604,-7.68744564056397,0.391866266727448,9.07262196337396
28.244266923,-10.302755355835,-8.91572380065918,-1.23231756687164,13.680478990059
28.249021558,-17.2676582336426,-8.11355686187744,-5.15758275985718,19.763665797356
28.253776246,-22.0588798522949,-7.17140769958496,-7.76267528533936,24.4598118618535
28.258530881,-24.3064403533936,-6.39486789703369,-7.14249897003174,26.1287709165681
28.263285517,-24.7948551177979,-5.91845703125,-5.26592350006104,26.0296547086556
28.268040204,-24.514949798584,-5.56389760971069,-5.19682264328003,25.6699568722689
28.27279484,-22.7523078918457,-4.59368991851807,-6.00251579284668,23.9749806530936
28.277549475,-19.1237163543701,-2.49573564529419,-6.81865978240967,20.4557900077667
28.282304163,-16.7125091552734,0.507299423217773,-7.78874397277832,18.4453204809075
28.287058798,-15.867733001709,3.59580421447754,-8.01598453521729,18.1375512854195
28.291813433,-15.0048408508301,5.78946971893311,-6.5059814453125,17.3490922861092
28.296568121,-12.9173831939697,6.68317413330078,-5.28885173797607,15.475644018333
28.301322756,-9.1556978225708,6.49597644805908,-5.79142379760742,12.6319080995493
28.306077444,-4.36720848083496,5.3435640335083,-6.77109718322754,9.66819236258734
28.310832079,0.400637686252594,3.33678913116455,-7.97785711288452,8.65683986077517
28.315586715,4.17282104492188,1.01929187774658,-9.18874740600586,10.1431982281903
28.320341402,6.53916692733765,-0.822037696838379,-9.22503852844238,11.3374505921683
28.325096038,7.34758281707764,-1.81944036483765,-8.13340854644775,11.1107907494671
28.329850673,5.98903226852417,-1.76591491699219,-6.66217803955078,9.13080386593382
28.33460536,2.82831907272339,-0.658206939697266,-4.97529220581055,5.76074280677377
28.339359996,-0.442845523357391,0.677706718444824,-3.54452753067017,3.63580444598739
28.344114631,-3.05819964408875,1.52688407897949,-2.96012544631958,4.52175880733308
28.348869319,-5.04324388504028,1.93986797332764,-2.54844093322754,5.97427383270035
28.353623954,-6.56585597991943,2.03656196594238,-1.62200319766998,7.06321058467171
28.35837859,-7.63663864135742,1.80071640014648,-0.676023125648499,7.87514041518254
28.363133277,-8.15784740447998,1.33074188232422,-0.0999364852905273,8.26627700559598
28.367887913,-7.77039480209351,0.71526050567627,-0.0127675533294678,7.80325547331369
28.372642548,-6.43382024765015,0.0882196426391602,-0.380069017410278,6.44564024301819
28.377397235,-4.44367408752441,-0.320923805236816,-0.976054668426514,4.56091155369854
28.382151871,-2.31893086433411,-0.402420997619629,-1.43190002441406,2.75494477128009
28.386906558,-0.599332571029663,-0.209158897399902,-1.90746569633484,2.01031648198803
28.391661194,0.479095637798309,0.141469955444336,-2.29010891914368,2.34395930851886
28.396415829,1.18674623966217,0.501115798950195,-2.28813123703003,2.62583857827978
28.401170517,1.57132518291473,0.798096656799316,-2.01867723464966,2.67975351137918
28.405925152,1.68333148956299,0.927337646484375,-1.71137809753418,2.57339756101952
28.410679788,1.56642949581146,0.877100944519043,-1.34722495079041,2.2445539646568
28.415434475,1.31473243236542,0.779052734375,-0.799813747406006,1.72486131679921
28.42018911,0.931634426116943,0.733669281005859,-0.20331072807312,1.20314112637193
28.424943746,0.48222541809082,0.731410026550293,0.186704277992249,0.895745760923139
28.429698433,0.160305976867676,0.781866073608398,0.712507605552673,1.06989702833951
28.434453069,-0.125091195106506,0.88741397857666,1.27616798877716,1.55940889828357
28.439207704,-0.264332294464111,0.966672897338867,1.4545019865036,1.7663250213619
28.443962392,-0.221904277801514,0.852396965026856,1.30061531066895,1.57080306876454
28.448717027,0.0165458917617798,0.700108528137207,1.22321581840515,1.40949730617026
28.453471663,0.381876230239868,0.548159599304199,1.30114054679871,1.46262610535133
28.45822635,0.718996405601502,0.465928077697754,1.3144633769989,1.56903115785709
28.462980985,0.989841997623444,0.42469596862793,1.2705066204071,1.66563528976972
28.467735673,1.1750967502594,0.34074878692627,1.28404951095581,1.77362489124611
28.472490308,1.30796933174133,0.221307754516602,1.22616863250732,1.80644690216179
28.477244944,1.4216548204422,0.0736083984375,0.956230282783508,1.71490436424872
28.481999631,1.55910181999207,-0.0138835906982422,0.75179922580719,1.73095156348106
28.486754267,1.70151567459106,0.00897502899169922,0.655724287033081,1.82351596719895
28.491508902,1.8279070854187,0.194625854492188,0.700987577438355,1.96736044483048
28.49626359,1.94568860530853,0.370810508728027,0.672152042388916,2.09164838113345
28.501018225,2.07172870635986,0.470651626586914,0.758017063140869,2.25569560321802
28.50577286,2.05304002761841,0.525303840637207,0.91778290271759,2.30938150518972
28.510527548,1.93035793304443,0.460739135742188,1.07963252067566,2.25924073099183
28.515282183,1.78737914562225,0.322572708129883,1.21035730838776,2.18259986626116
28.520036819,1.68156564235687,0.213753700256348,1.13106060028076,2.03780561767698
28.524791506,1.56754779815674,0.258530616760254,1.18607425689697,1.98262863950418
28.529546142,1.57687151432037,0.380189895629883,1.15025877952576,1.98850782982873
28.534300777,1.79092645645142,0.542763710021973,1.06632018089294,2.15384510713143
28.539055465,2.0185878276825,0.731840133666992,1.01040267944336,2.37301503870919
28.5438101,2.24774885177612,0.832727432250977,1.06627762317657,2.62350106666097
28.548564788,2.38974475860596,0.766765594482422,1.07174158096313,2.72899972600438
28.553319423,2.49214506149292,0.598676681518555,0.976834058761597,2.74288270891671
28.558074058,2.60491752624512,0.383512496948242,1.0230278968811,2.82475896877086
28.562828746,2.81884527206421,0.209854125976563,1.11252498626709,3.0377029589966
28.567583381,3.02649831771851,0.178125381469727,1.08531045913696,3.22014277810608
28.572338017,3.2734808921814,0.295365333557129,1.14695262908936,3.48115184459383
28.577092704,3.53122615814209,0.554237365722656,1.17769432067871,3.76346929713383
28.58184734,3.74031019210815,0.878175735473633,1.24674963951111,4.03924468424282
28.586601975,3.8696084022522,1.19782066345215,1.41386497020721,4.29041462827928
28.591356663,3.93350911140442,1.44396209716797,1.66717600822449,4.50965589706783
28.596111298,3.89630556106567,1.59285068511963,1.85842847824097,4.60131793500671
28.600865985,3.83952784538269,1.55144214630127,2.18583202362061,4.68260701364894
28.605620621,3.94050693511963,1.36544799804688,2.72051692008972,4.97928262439386
28.610375256,4.29742956161499,1.0829906463623,3.56010985374451,5.6846417431426
28.615129892,5.06834125518799,0.711722373962402,4.45125961303711,6.78294508007359
28.619884579,6.21515130996704,0.290361404418945,5.02858591079712,7.99994323812541
28.624639215,7.75233602523804,-0.10429859161377,5.51934909820557,9.51697465123653
28.629393902,9.44575595855713,-0.376346588134766,6.37788867950439,11.4035698967985
28.634148538,10.7362184524536,-0.415558815002441,5.79801750183106,12.2088526381094
28.638903173,11.5805034637451,-0.0761508941650391,4.48291969299316,12.418149153812
28.64365786,12.0453424453735,0.498136520385742,3.77944755554199,12.6341853098786
28.648412496,12.0305871963501,1.1352367401123,3.73998999595642,12.6495579335777
28.653167131,11.3885374069214,1.64168643951416,3.69709205627441,12.0856281718039
28.657921819,10.2511138916016,2.02953720092773,3.71473741531372,11.0907002183482
28.662676454,8.98884963989258,2.36081790924072,3.84455037117004,10.0575069776586
28.66743109,7.94358062744141,2.68796348571777,4.03020143508911,9.30420036825351
28.672185777,7.17986011505127,3.0276050567627,4.01940250396729,8.76768955542665
28.676940413,6.74822998046875,3.50402164459229,3.55289936065674,8.392846324223
28.6816951,6.70860147476196,4.13377857208252,3.40646266937256,8.58472171639919
28.686449735,6.70745229721069,4.84982681274414,3.82442784309387,9.11794849513862
28.691204371,6.64186763763428,5.70230007171631,3.8522253036499,9.56400918097792
28.695959058,6.74255466461182,6.60247325897217,4.18865489959717,10.3247046644754
28.700713694,7.18020343780518,7.6504430770874,5.13734579086304,11.6823337762162
28.705468329,7.59806442260742,8.76690292358398,5.74333572387695,12.9450791839525
28.710223017,8.14638328552246,9.85100173950195,6.03712558746338,14.1369261604182
28.714977652,8.97713565826416,10.7208728790283,6.9392352104187,15.6102230996446
28.719732288,9.92441368103027,11.2905797958374,7.30945730209351,16.7152428965158
28.724486975,10.9539012908936,11.4742240905762,6.26710319519043,17.0564461254554
28.72924161,12.2130336761475,11.2938175201416,4.73977661132813,17.2966467293017
28.733996246,13.1835479736328,10.8389282226563,2.49934768676758,17.2492040699947
28.738750933,13.4291305541992,10.4457244873047,-0.475320816040039,17.0200069736932
28.743505569,13.2319831848145,10.4785556793213,-2.55685639381409,17.0711166227179
28.748260256,12.8686332702637,10.8967914581299,-4.40729999542236,17.4288863550188
28.753014892,12.3622140884399,11.4533891677856,-6.14581441879273,17.938101779938
28.757769527,11.8128604888916,12.1487255096436,-6.09881019592285,18.009183497443
28.762524215,10.8884744644165,12.8721628189087,-4.81543588638306,17.5339634588022
28.76727885,9.29303550720215,13.1760234832764,-3.95504879951477,16.601521459689
28.772033485,7.17869997024536,12.9992189407349,-3.19221925735474,15.1889331461754
28.776788173,4.87500095367432,12.3543033599854,-1.80636310577393,13.4036335923798
28.781542808,2.42876625061035,11.3544178009033,-1.84296846389771,11.7566254451052
28.786297496,0.517075061798096,10.0592098236084,-3.08190298080444,10.5334322458544
28.791052131,0.438980102539063,8.20539665222168,-4.60488414764404,9.41945835831017
28.795806767,1.53910875320435,6.0380129814148,-5.98300266265869,8.6384476255462
28.800561454,2.33389472961426,4.0893726348877,-6.29372978210449,7.86009336624182
28.80531609,2.17040824890137,2.74251413345337,-5.12496185302734,6.20461841969964
28.810070725,0.901772499084473,2.2376594543457,-3.94020199775696,4.62011961499437
28.814825413,-1.13280200958252,2.03397035598755,-3.36397457122803,4.09103907556737
28.819580048,-3.86858510971069,2.11056852340698,-2.65968751907349,5.14726995038991
28.824334683,-5.66449880599976,1.9602255821228,-3.01904606819153,6.71145812903903
28.829089371,-6.48283290863037,1.96305894851685,-3.10364747047424,7.45072819109342
28.833844006,-6.28612232208252,2.07122850418091,-3.13874244689941,7.32509559751159
28.838598642,-5.48319244384766,2.41190099716187,-2.97905921936035,6.69010161573308
28.843353329,-4.93254613876343,2.99963855743408,-1.96631169319153,6.09870679415374
28.848107965,-5.10398960113525,3.99789381027222,-0.304508209228516,6.49049998198885
28.852862652,-5.72110939025879,4.92036771774292,0.922244787216187,7.60208172678125
28.857617288,-6.04115009307861,5.36626243591309,1.48799204826355,8.21622707292655
28.862371923,-5.68521308898926,5.04641628265381,1.68891167640686,7.78719383447925
28.86712661,-4.94532060623169,3.95634412765503,1.57819771766663,6.52683405571939
28.871881246,-3.93087816238403,2.25848579406738,1.28219819068909,4.71132607762594
28.876635881,-2.86027479171753,0.341043949127197,1.5010449886322,3.24817162681852
28.881390569,-1.93866157531738,-1.37417125701904,1.49696063995361,2.80849541655309
28.886145204,-1.24901390075684,-2.82006883621216,1.242107629776,3.32500456077981
28.890899892,-0.671299934387207,-3.88259530067444,0.755916357040405,4.01205675552686
28.895654527,-0.193300247192383,-4.63720273971558,0.398948669433594,4.65834458532568
28.900409163,0.132899284362793,-4.98302173614502,0.252661466598511,4.99119280927732
28.905163798,0.202677726745605,-5.0375394821167,0.303827047348022,5.05076164251527
28.909918485,0.0498147010803223,-4.85403871536255,0.517452478408814,4.88179581937771
28.914673121,-0.254098415374756,-4.60087633132935,0.695864915847778,4.6601348695065
28.919427808,-0.556705951690674,-4.43900012969971,0.768908262252808,4.53936819214772
28.924182444,-0.786896705627441,-4.44512319564819,0.836306810379028,4.59104952390009
28.928937079,-0.921245098114014,-4.64297485351563,1.02159857749939,4.84247577946718
28.933691767,-1.02190113067627,-4.97910594940186,1.43654000759125,5.28199064460139
28.938446402,-1.03101873397827,-5.29952049255371,1.82685351371765,5.69958865545518
28.943201038,-1.06290531158447,-5.52685403823853,2.01527786254883,5.97806223827315
28.947955725,-1.19840574264526,-5.70359086990356,1.90341138839722,6.13107658154199
28.95271036,-1.40410041809082,-5.8653244972229,1.67764067649841,6.26003256231531
28.957465048,-1.60827445983887,-5.99973297119141,1.38547658920288,6.36418791700878
28.962219683,-1.76291990280151,-6.07299280166626,1.2483366727829,6.44573289870117
28.966974319,-1.98704433441162,-6.12053298950195,1.18120884895325,6.54251661116305
28.971729006,-2.28956651687622,-6.1156210899353,1.16135716438293,6.6326229060701
28.976483642,-2.65313482284546,-6.06982612609863,1.13268160820007,6.72048221594399
28.981238277,-3.0366096496582,-6.04482841491699,1.1518257856369,6.86204425595196
28.985992965,-3.37266635894775,-6.03773975372314,1.15834724903107,7.01219994379828
28.9907476,-3.73239040374756,-6.07903480529785,1.09660613536835,7.21719802320382
28.995502235,-4.15121221542358,-6.19210529327393,0.906409978866577,7.50974765689646
29.000256923,-4.67902088165283,-6.27606678009033,0.728602647781372,7.86213154668953
29.005011558,-5.21762180328369,-6.34006023406982,0.539220571517944,8.2286511579045
29.009766246,-5.66674137115479,-6.33584308624268,0.419761657714844,8.51064423121622
29.014520881,-5.99071216583252,-6.27729988098145,0.32507848739624,8.68324835949032
29.019275517,-6.28292989730835,-6.17820167541504,0.0717885494232178,8.81195424593323
29.024030204,-6.39301633834839,-6.21004867553711,-0.255577325820923,8.91631550722626
29.02878484,-6.59331321716309,-6.06601858139038,-0.913942575454712,9.0057565834648
29.033539475,-6.89775323867798,-5.65721607208252,-1.61743950843811,9.0663776664872
29.038294163,-7.14130401611328,-5.08146190643311,-2.21233701705933,9.03957483702289
29.043048798,-7.31224060058594,-4.32427930831909,-2.72470331192017,8.92144956132145
29.047803433,-7.42285966873169,-3.34969663619995,-3.31436467170715,8.79228789299539
29.052558121,-7.63631820678711,-2.57583332061768,-3.70370721817017,8.86936977517785
29.057312756,-7.2458438873291,-1.96851444244385,-3.95181846618652,8.48493794552131
29.062067444,-6.91860866546631,-1.51257705688477,-4.63613605499268,8.46456098916434
29.066822079,-6.43694162368774,-1.52281379699707,-5.12500286102295,8.36772571566384
29.071576715,-5.01614665985107,-1.97673892974854,-4.99610996246338,7.35053323688454
29.076331402,-3.06730484962463,-2.68708181381226,-4.32942056655884,5.94749108085031
29.081086038,-1.97922778129578,-3.29033374786377,-3.04658007621765,4.90155984798621
29.085840673,-1.92185950279236,-3.30193424224854,-2.34372496604919,4.48211561710416
29.09059536,-3.03073644638062,-2.75203609466553,-2.52214288711548,4.80835427321957
29.095349996,-4.38654232025147,-1.62069702148438,-2.99965119361877,5.55574654265149
29.100104683,-4.88998413085938,-0.134081840515137,-2.94253611564636,5.7086286910164
29.104859319,-5.03391647338867,1.09721183776855,-2.10064077377319,5.56389077340953
29.109613954,-4.41438245773315,1.76439189910889,-0.762378334999085,4.81467257271554
29.114368642,-4.63589286804199,2.07759380340576,0.054720550775528,5.08044220856707
29.119123277,-4.61413860321045,1.97685623168945,0.309242695569992,5.02930081175999
29.123877913,-5.9437952041626,1.87516689300537,-0.874886155128479,6.29367762838908
29.1286326,-7.18466567993164,1.51823997497559,-3.97831153869629,8.35173253001588
29.133387235,-5.48418140411377,-0.0149593353271484,-4.02334499359131,6.80174789244625
29.138141923,-1.88706958293915,-2.37370824813843,1.87630224227905,3.56595464953159
29.142896558,0.479243755340576,-4.5299916267395,6.07586622238159,7.59385600782899
29.147651194,1.22905874252319,-6.36998414993286,5.24958181381226,8.34538151811389
29.152405881,2.06274771690369,-8.00347995758057,3.51241159439087,8.98040393208438
29.157160517,4.26732397079468,-9.27675151824951,2.69787955284119,10.5615683818599
29.161915152,6.84908008575439,-9.88836097717285,1.32342934608459,12.1012828274539
29.16666984,8.06754207611084,-9.26905250549316,-1.49152851104736,12.3784177825227
29.171424475,7.12715911865234,-7.47029495239258,-4.38756704330444,11.2183977616156
29.176179163,4.94211673736572,-5.45033645629883,-5.90540409088135,9.43421871747781
29.180933798,2.61941385269165,-3.99352979660034,-6.71888208389282,8.24336009314549
29.185688433,0.413838624954224,-2.92038249969482,-7.53906393051148,8.09551612316145
29.190443121,-0.574716091156006,-1.71939468383789,-6.53937673568726,6.78601980217354
29.195197756,1.42335963249207,-2.03506851196289,-5.31746435165405,5.86880597932002
29.199952392,2.13033938407898,-2.96094179153442,-4.00011587142944,5.41354312526231
29.204707079,0.0301952362060547,-3.729163646698,-8.26147747039795,9.06419236612046
29.209461715,-0.717281818389893,-4.04785585403442,-11.3767776489258,12.09672269233
29.21421635,-2.11754417419434,-2.45784139633179,-7.71446943283081,8.36887186478963
29.218970985,-5.73197269439697,0.979921340942383,-2.94665098190308,6.51908803536945
29.223725673,-8.61395931243897,4.75299644470215,-1.52108073234558,9.95514725325639
29.22848036,-9.21894264221191,8.49699687957764,-1.65809011459351,12.6466249347428
29.233234996,-5.29037237167358,13.6761960983276,6.33797359466553,15.9748642822891
29.237989631,4.71170234680176,20.0373268127441,18.2414741516113,27.5035631151579
29.242744319,12.6616439819336,24.2422294616699,15.5053873062134,31.4391468254655
29.247498954,8.77427291870117,25.7738609313965,-0.399062484502792,27.2293779478958
29.25225359,-0.95084547996521,18.3285369873047,-17.9652938842773,25.6825068786172
29.257008277,-8.0049352645874,8.50213146209717,-15.7587203979492,19.6138343158537
29.261762913,-11.0221424102783,2.21226119995117,-2.48240351676941,11.5127776904331
29.2665176,-14.277759552002,-1.81361484527588,6.86731243133545,15.9468992804671
29.271272235,-18.2518310546875,-4.97559595108032,9.21891021728516,21.0445764393496
29.276026871,-23.3079452514648,-6.407874584198,3.81928157806397,24.4725985605254
29.280781558,-28.6122303009033,-6.05231952667236,-5.39359712600708,29.7385471131752
29.285536142,-31.317045211792,-5.5410623550415,-7.26081562042236,32.6217739599436
29.290290829,-28.9668159484863,-5.57694149017334,-0.925666630268097,29.5133115947481
29.295045517,-23.3863697052002,-5.56894302368164,2.21486854553223,24.1421013390157
29.299800152,-17.0110816955566,-4.82945394515991,-3.00551795959473,17.936935749084
29.30455484,-12.2110166549683,-2.76625728607178,-9.71043872833252,15.8446750492826
29.309309475,-9.12232303619385,0.291707038879395,-13.1748924255371,16.0274658320547
29.31406411,-6.82180595397949,3.42905044555664,-11.3854351043701,13.708521289612
29.318818798,-4.90190124511719,5.7307014465332,-9.13905048370361,11.8487053566988
29.323573433,-3.43681883811951,6.92338752746582,-10.3253650665283,12.897991407138
29.328328069,-1.79499626159668,6.61613845825195,-11.9643573760986,13.7891677450422
29.333082756,0.547003865242004,4.45882320404053,-11.5552949905396,12.3977885089184
29.337837392,2.74191355705261,1.3880729675293,-9.46859741210938,9.95485677798224
29.342592079,3.81340050697327,-1.32297134399414,-7.29970788955689,8.34134352946051
29.347346715,3.24655032157898,-2.70640468597412,-4.95708417892456,6.51439934850109
29.35210135,1.02788496017456,-2.37417459487915,-3.18077087402344,4.10006778619067
29.356856038,-1.87049210071564,-0.909051895141602,-2.48108458518982,3.23742131422011
29.361610673,-3.85511779785156,0.738773345947266,-2.16369867324829,4.48211013258381
29.366365308,-4.65539073944092,2.15541076660156,-1.91591358184814,5.47623806666259
29.371119996,-4.8894157409668,3.16402530670166,-1.76050662994385,6.08414546370636
29.375874631,-5.08047580718994,3.60231018066406,-1.48404717445374,6.40236433524072
29.380629319,-5.43208599090576,3.36319923400879,-1.10234141349792,6.4833497431609
29.385383954,-5.70298671722412,2.53585910797119,-0.501079320907593,6.26144706902138
29.39013859,-5.49340057373047,1.37685966491699,0.0123112201690674,5.66333329113514
29.394893277,-4.68819236755371,0.257266044616699,0.219689846038818,4.70038265690722
29.399647913,-3.40800213813782,-0.502542495727539,0.528869867324829,3.48521604353707
29.404402548,-2.05186748504639,-0.721299171447754,0.354678273200989,2.20368540141342
29.409157235,-0.989574909210205,-0.483231544494629,-0.27817177772522,1.13584803757187
29.413911819,-0.122740149497986,0.0270566940307617,-0.621265411376953,0.633851654856274
29.418666558,0.469766318798065,0.531957626342773,-0.780282974243164,1.0547515491314
29.423421194,0.883518695831299,0.892854690551758,-0.867685079574585,1.52665391678667
29.428175829,1.22145915031433,1.02148818969727,-0.83340311050415,1.79720931507034
29.432930517,1.41475176811218,1.03283596038818,-0.603639125823975,1.85274198977436
29.437685152,1.29904723167419,0.931739807128906,-0.494466543197632,1.6733678437961
29.442439788,1.04711616039276,0.799604415893555,-0.285920858383179,1.34817291640602
29.447194475,0.872101008892059,0.641384124755859,0.244519233703613,1.109830356789
29.45194911,0.829296290874481,0.61020565032959,0.874650478363037,1.3509614106454
29.456703798,0.849449217319489,0.68449592590332,1.33933293819428,1.72740017503619
29.461458433,0.92544823884964,0.813969612121582,1.53126001358032,1.96564447483192
29.466213069,1.09307789802551,0.905307769775391,1.53655016422272,2.09174277967929
29.470967756,1.30223155021667,0.939412117004395,1.50813460350037,2.20290084166982
29.475722392,1.54079377651215,0.921142578125,1.39114570617676,2.27108685144082
29.480477027,1.83484292030334,0.716780662536621,1.38419842720032,2.40757727731377
29.485231715,2.16760277748108,0.493961334228516,1.46128535270691,2.66042374119091
29.48998635,2.38160371780396,0.32205867767334,1.48610806465149,2.82564598637984
29.494741038,2.48194169998169,0.198619842529297,1.49203848838806,2.90269931181059
29.499495673,2.45908784866333,0.0613918304443359,1.4621456861496,2.86159955476213
29.504250308,2.48749303817749,-0.0847835540771484,1.44204986095428,2.87651137100164
29.509004996,2.63155221939087,-0.129822731018066,1.44418096542358,3.00459309820178
29.513759631,2.85070562362671,-0.123963356018066,1.32758736610413,3.14712212677734
29.518514267,3.02082395553589,-0.0528717041015625,1.33376932144165,3.30259192003084
29.523268954,3.18524885177612,-0.0122747421264648,1.68434190750122,3.60318866816605
29.52802359,3.22963166236877,0.110273361206055,1.78628468513489,3.69235614007019
29.532778277,3.28742623329163,0.118714332580566,1.63051176071167,3.67148919839254
29.537532913,3.38661813735962,0.0536670684814453,1.50631880760193,3.70689343152293
29.542287548,3.47660207748413,-0.0967273712158203,1.45684444904327,3.77074448063211
29.547042235,3.36850929260254,-0.279664993286133,1.42985689640045,3.67008965925947
29.551796871,3.19640398025513,-0.363548278808594,1.37550210952759,3.49873860260099
29.556551558,2.94873261451721,-0.329256057739258,1.32021725177765,3.24752323707881
29.561306194,2.6736261844635,-0.16749382019043,1.15106749534607,2.91569674913101
29.566060829,2.41434597969055,-0.0386934280395508,1.2139128446579,2.70261874585499
29.570815517,2.08757090568543,-0.0120925903320313,1.46758019924164,2.55184054325723
29.575570152,1.65519285202026,0.0129108428955078,1.62529397010803,2.31978674806819
29.580324788,1.34652543067932,0.0339269638061523,1.79235148429871,2.24205388374299
29.585079475,1.30246436595917,0.103486061096191,1.93022692203522,2.33085794504602
29.58983411,1.48465502262115,0.171340942382813,2.05063247680664,2.53744986347809
29.594588798,1.81413781642914,0.328350067138672,2.23475027084351,2.89707068547237
29.599343433,2.17405557632446,0.58413028717041,2.42042565345764,3.30547820825567
29.604098069,2.4808144569397,0.878925323486328,2.51217555999756,3.63840296535109
29.608852756,2.73894786834717,1.04778671264648,2.7586932182312,4.02617444890765
29.613607392,3.04637861251831,1.08621025085449,2.897216796875,4.34213548014856
29.618362079,3.5201735496521,1.04224014282227,3.03309416770935,4.76209476650485
29.623116715,4.22490930557251,0.949540138244629,3.16145253181458,5.3615545530534
29.62787135,4.88609409332275,0.853776931762695,3.46376657485962,6.04983714021529
29.632626038,5.54239845275879,0.822205543518066,3.76333212852478,6.74958304449406
29.637380673,6.20358562469482,0.893168449401856,4.05782222747803,7.46646808817542
29.642135308,6.97478675842285,0.978280067443848,4.43577480316162,8.32350769328606
29.646889996,7.66933012008667,1.01318454742432,4.32866907119751,8.86467953994672
29.651644631,8.42812347412109,1.02679061889648,4.39453554153442,9.56030893307816
29.656399319,9.28473854064941,1.00023174285889,5.25448942184448,10.7152457924174
29.661153954,9.91722106933594,0.967544555664063,5.77744150161743,11.5180834564561
29.66590859,10.4765958786011,0.969764709472656,6.19353675842285,12.208988589281
29.670663277,10.9437561035156,0.916228294372559,6.68689155578613,12.8576743861201
29.675417913,11.1420135498047,1.00552558898926,7.08043336868286,13.2396406424986
29.6801726,11.2081604003906,1.17092132568359,7.36226749420166,13.4609397505525
29.684927235,11.1235961914063,1.4699649810791,7.65399169921875,13.5822964997373
29.689681871,10.7910795211792,1.88838672637939,7.90453243255615,13.5090723085677
29.694436558,10.1561088562012,2.48343753814697,8.23248291015625,13.30743341035
29.699191194,9.35721111297607,3.14743947982788,8.69250297546387,13.153835298894
29.703945829,8.4339714050293,3.92790699005127,8.86648750305176,12.8520398235112
29.708700517,7.64337873458862,4.86721038818359,8.65894317626953,12.5334860423215
29.713455152,7.24752616882324,5.90265798568726,8.72448921203613,12.7861142992979
29.71820984,7.1909236907959,7.1413516998291,8.65781021118164,13.3291397051851
29.722964475,7.65966320037842,8.67133712768555,7.84884357452393,13.9809467985024
29.72771911,8.80136966705322,10.3251457214355,6.81915616989136,15.1846512325562
29.732473798,9.59870529174805,12.3422422409058,5.52228975296021,16.5819712617855
29.737228433,10.4650955200195,13.9486093521118,3.41497683525085,17.7691866411002
29.741983121,10.9498109817505,15.4921751022339,0.687885522842407,18.9836518201024
29.746737756,11.3141231536865,16.5951824188232,-1.92489743232727,20.1770833466035
29.751492392,11.4345331192017,17.0492496490479,-4.47079515457153,21.0098422308169
29.756247079,11.1976499557495,17.0591163635254,-7.20397615432739,21.6401961189799
29.761001715,10.6810436248779,17.0756072998047,-8.76870441436768,21.9670488386638
29.76575635,9.47965145111084,17.2383117675781,-8.55880355834961,21.454050959695
29.770511038,7.87013387680054,17.186092376709,-7.30654239654541,20.2653976080425
29.775265673,5.81070375442505,16.5046463012695,-5.69384336471558,18.400746721631
29.78002036,2.61360502243042,15.5785341262817,-5.06835460662842,16.5894507189216
29.784774996,0.0839080810546875,13.9205770492554,-5.47132396697998,14.9574360069489
29.789529631,-0.943634986877441,11.8081073760986,-5.9078369140625,13.2372347488852
29.794284319,-0.942127227783203,9.73435783386231,-5.50204181671143,11.2213096519011
29.799038954,-0.792014598846436,7.58802890777588,-4.24229049682617,8.72940424596604
29.80379359,-1.55936241149902,6.05622625350952,-2.87868356704712,6.88449755924724
29.808548277,-3.34615135192871,4.99949789047241,-3.09428834915161,6.7650815526901
29.813302913,-5.44195795059204,4.12515115737915,-3.76078295707703,7.79584933522188
29.8180576,-7.19039011001587,3.41228771209717,-3.58113622665405,8.7275399763162
29.822812235,-7.88854312896729,2.75488567352295,-2.93034219741821,8.85468312057121
29.827566923,-7.62700939178467,2.20268774032593,-2.32672882080078,8.27265208680376
29.832321558,-7.0017991065979,1.9915657043457,-2.06775522232056,7.56750529192515
29.837076194,-6.45693635940552,2.13844537734985,-1.91857385635376,7.06724142955411
29.841830881,-6.2613582611084,2.72267007827759,-1.38291072845459,6.96634636749949
29.846585517,-6.35126113891602,3.50342321395874,-0.81512451171875,7.29910407107711
29.851340204,-6.45466423034668,4.10317182540894,-0.523888111114502,7.66636603015495
29.85609484,-6.28455924987793,3.96636009216309,0.0935907363891602,7.43212328825808
29.860849475,-5.61316108703613,3.25489950180054,0.0419130325317383,6.48873676905868
29.865604163,-4.31734323501587,2.04131746292114,-0.511096954345703,4.80287931246513
29.870358798,-2.77910137176514,0.554860591888428,-0.987778186798096,3.00116318404911
29.875113433,-1.47669696807861,-0.950730323791504,-0.996181726455689,2.01913350629261
29.879868121,-0.579122066497803,-2.34378743171692,-0.814453125,2.54795129188161
29.884622756,0.0388507843017578,-3.53351402282715,-0.632079362869263,3.58981267671757
29.889377444,0.497665405273438,-4.36715888977051,-0.483148813247681,4.42189782783933
29.894132079,0.884353637695313,-4.89354419708252,-0.347911834716797,4.98496728274529
29.898886715,0.958838939666748,-5.13326787948608,-0.1459059715271,5.22408841687352
29.903641402,0.708172798156738,-5.00477266311646,0.164399385452271,5.0573001966923
29.908396038,0.264283180236816,-4.7524995803833,0.340237617492676,4.7719869548498
29.913150621,-0.267727375030518,-4.6234016418457,0.294253587722778,4.64048552018536
29.91790536,-0.843019962310791,-4.72304821014404,0.310255765914917,4.80771522580974
29.922659996,-1.6483793258667,-4.94852495193481,0.636085510253906,5.25448935465866
29.927414683,-2.11780738830566,-5.12270021438599,0.709877014160156,5.58847841506659
29.932169319,-2.24490165710449,-5.64640188217163,1.0773286819458,6.1710675538358
29.93692385,-2.35681581497192,-6.07112836837769,1.50379228591919,6.68390392586639
29.941678642,-2.24735260009766,-6.39116191864014,1.50618946552277,6.9401837933511
29.946433277,-2.00452327728272,-6.54877424240112,1.48999416828156,7.00889722200416
29.951187965,-1.91940832138062,-6.47475671768189,1.58703696727753,6.93723930629882
29.9559426,-1.91055250167847,-6.39176988601685,1.63302934169769,6.86816700206884
29.960697235,-1.94237375259399,-6.38576745986939,1.69186425209045,6.88572773886641
29.965451923,-2.12754678726196,-6.39178419113159,1.60093438625336,6.92418597288352
29.970206558,-2.40882205963135,-6.4760217666626,1.377650141716,7.04550931801417
29.974961246,-2.57344627380371,-6.65180253982544,1.28818416595459,7.2476562555352
29.979715881,-2.80960655212402,-6.86307144165039,1.25582098960876,7.52148422512986
29.984470517,-3.28355884552002,-6.95591926574707,1.31854486465454,7.8041740167484
29.989225204,-3.87226724624634,-6.95370435714722,1.31323623657227,8.06678667909391
29.99397984,-4.59665584564209,-6.84165382385254,1.23035502433777,8.33374138635372
29.998734527,-5.63550138473511,-6.50953674316406,0.795151710510254,8.64668784626123
30.00348911,-6.76890134811401,-6.0817403793335,0.0986366271972656,9.10029234070753
30.008243798,-7.61952447891235,-5.95248031616211,-0.311949491500855,9.67401094088122
30.012998485,-8.56694221496582,-5.36096429824829,-0.709872245788574,10.1309602569054
30.017753121,-8.76728439331055,-5.19159650802612,-0.899858474731445,10.2287680201421
30.022507808,-8.47832298278809,-5.14689588546753,-0.653266787528992,9.93978145393568
30.027262444,-8.56610012054443,-4.62125253677368,-0.811460852622986,9.76690918352209
30.032017079,-8.6501579284668,-4.16921806335449,-1.22948670387268,9.68087026058185
30.036771767,-8.66190338134766,-3.86922216415405,-1.98673856258392,9.69260442086857
30.041526402,-8.43524265289307,-3.80441427230835,-2.44556999206543,9.57119110427855
30.04628109,-7.94019603729248,-4.01714372634888,-2.56415271759033,9.26061747336025
30.051035725,-6.85457038879395,-4.2939190864563,-2.31235504150391,8.41248252146374
30.05579036,-5.28329181671143,-4.64139223098755,-1.79410719871521,7.25772105435882
30.060545048,-4.06182909011841,-4.76767444610596,-1.53874051570892,6.4495656873985
30.065299683,-2.57437038421631,-5.5237340927124,-1.22959303855896,6.21698642773136
30.070054371,-1.09093832969666,-5.79306173324585,-1.64495086669922,6.1200959174063
30.074809006,-0.850103139877319,-5.51001834869385,-2.25834608078003,6.01523936115153
30.079563642,-1.21039605140686,-4.23411798477173,-2.66883182525635,5.1493181123067
30.084318329,-1.18143451213837,-2.97346639633179,-2.42326641082764,4.01366540887895
30.089072965,-1.29126346111298,-1.72646856307983,-2.1711585521698,3.05973601540533
30.093827652,-1.49863791465759,-0.426969528198242,-2.04737758636475,2.57293092764027
30.098582288,-1.80118834972382,0.446415901184082,-2.11925768852234,2.81688121481397
30.103336923,-1.95749449729919,0.824296951293945,-1.95873665809631,2.88927317272691
30.10809161,-1.86455202102661,1.01717853546143,-1.84244084358215,2.8117245018347
30.112846246,-2.07168674468994,1.19169330596924,-1.94609296321869,3.08209291312011
30.117600933,-3.67952966690063,1.69584846496582,-2.74468517303467,4.89368340667898
30.122355569,-4.88450241088867,1.97890949249268,-5.96809339523315,7.96194607842081
30.127110204,-2.88019108772278,0.72599983215332,-5.20259952545166,5.99079446153131
30.131864892,-0.421485424041748,-0.867685317993164,1.14789724349976,1.49939849785669
30.136619527,0.508022546768189,-2.35717868804932,4.39852809906006,5.01611679625182
30.141374163,-0.540157079696655,-3.59214401245117,3.56727647781372,5.09124049187409
30.14612885,-0.963220357894898,-4.94204092025757,4.09601020812988,6.49067496801894
30.150883485,0.234227180480957,-6.52489757537842,5.90971517562866,8.80646831586368
30.155638173,2.26615166664124,-7.80207061767578,6.40229558944702,10.343942097386
30.160392808,4.18560600280762,-8.24012184143066,4.52687883377075,10.2913331278316
30.165147496,5.01244831085205,-7.42516422271729,1.45272862911224,9.07568852887354
30.169902131,4.22857427597046,-5.58560609817505,-1.59564542770386,7.18511796857377
30.174656767,2.51849722862244,-3.63395833969116,-3.88131332397461,5.88328773935566
30.179411454,0.913288593292236,-2.43318319320679,-5.11203050613403,5.73474780631081
30.18416609,-0.541238069534302,-1.95444822311401,-5.01278018951416,5.40747369231995
30.188920777,-1.81763029098511,-1.96187973022461,-4.20928144454956,4.98706348766506
30.193675413,-2.96268892288208,-2.1078028678894,-3.53242778778076,5.06935939340827
30.198430048,-4.06663513183594,-2.16894102096558,-2.99757719039917,5.49793556349207
30.203184735,-5.56667804718018,-1.98886585235596,-3.25642442703247,6.74891042380909
30.207939371,-7.28816175460815,-1.66194438934326,-4.63642311096191,8.79635038970506
30.212694058,-8.22505378723145,-1.11753940582275,-6.14913368225098,10.3301621075669
30.217448694,-7.91580295562744,0.44837474822998,-6.92540550231934,10.5272131981225
30.222203329,-4.99167776107788,0.510048866271973,-7.08468914031982,8.68157917267305
30.226958017,-4.88460779190064,-0.481017112731934,-6.26463127136231,7.95841540192316
30.231712652,-7.09389925003052,-1.29780340194702,-11.0248250961304,13.1740073113671
30.23646734,-6.19831466674805,-1.41812658309937,-10.2963342666626,12.1014332640629
30.241221923,-5.65807628631592,1.25722599029541,-1.42277884483337,5.96814410799121
30.24597661,-7.91490030288696,6.11684989929199,6.9339861869812,12.171346019909
30.250731298,-9.40189075469971,11.8546152114868,15.8541564941406,21.9153309287454
30.255485933,-9.02523326873779,18.1546325683594,20.0909156799316,28.5427821367397
30.260240621,-3.93751311302185,23.8089752197266,14.3473405838013,28.0752113501637
30.264995256,9.25327491760254,25.604471206665,1.88258647918701,27.2902212216261
30.269749892,16.4136352539063,24.7387619018555,-10.3902206420898,31.4542596110015
30.274504579,14.9258184432983,19.8307113647461,-20.1853733062744,31.9919750085522
30.279259215,12.6313428878784,12.6549310684204,-17.4387321472168,24.9761382603476
30.284013902,8.3368730545044,5.54205417633057,-6.52362489700317,11.9488701816157
30.288768538,0.111309170722961,-0.955428123474121,0.848835587501526,1.28286962908215
30.293523225,-9.04961776733398,-7.02770614624023,-3.00547647476196,11.8455529315054
30.29827786,-16.1596183776855,-10.2362604141235,-14.3579444885254,23.9178774834591
30.303032496,-22.7430953979492,-10.779932975769,-13.0465316772461,28.3490270035442
30.307787183,-28.2056980133057,-11.6625871658325,0.826105117797852,30.5329295922302
30.312541819,-29.8236637115479,-13.8809871673584,10.3359222412109,34.4813574340719
30.317296506,-25.4081058502197,-14.9282283782959,5.19865083694458,29.924067503182
30.322051142,-17.6900901794434,-11.8608255386353,-9.49015617370606,23.3169795903353
30.326805777,-12.3118724822998,-6.0467734336853,-18.4244861602783,22.9697053365737
30.331560465,-10.2267456054688,0.347360610961914,-15.4426689147949,18.5251992778754
30.3363151,-8.95917510986328,6.0348539352417,-5.42628574371338,12.0884596885345
30.341069788,-7.40092420578003,10.0438041687012,-4.71258068084717,13.3364199826045
30.345824423,-5.00479507446289,12.1494617462158,-12.1203927993774,17.8762780262372
30.350579058,-1.21810173988342,12.0980520248413,-14.4589424133301,18.8919996389072
30.355333746,2.25017833709717,9.03076076507568,-11.7577295303345,14.9954041710542
30.360088381,3.73445773124695,4.29583835601807,-9.99507904052734,11.5022609409583
30.364843017,3.30477643013001,0.257462501525879,-8.46909523010254,9.09469121022701
30.369597704,1.80299496650696,-2.63342571258545,-5.80349159240723,6.62315910242967
30.37435234,0.0502457022666931,-4.55955839157105,-3.84874677658081,5.96698827776487
30.379107027,-1.78419852256775,-4.936279296875,-3.39202976226807,6.24948666474312
30.383861663,-3.37480783462524,-3.47170639038086,-2.38162970542908,5.39576067255039
30.38861635,-4.78673648834229,-0.971316337585449,-1.40327322483063,5.08187734799005
30.393370985,-6.16568613052368,1.69584369659424,-0.820267796516419,6.44704665419853
30.398125621,-7.42095184326172,3.93903732299805,-0.290281057357788,8.40659291177121
30.402880308,-8.3245906829834,5.33795547485352,0.242496252059937,9.89198580281006
30.407634944,-8.79136276245117,5.68546199798584,0.533193349838257,10.4831690103645
30.412389631,-8.62968158721924,4.93712711334229,0.471438765525818,9.95333526712181
30.417144267,-7.50947713851929,3.40006542205811,0.562160134315491,8.26248847411194
30.421898902,-5.64954280853272,1.62033176422119,0.450580596923828,5.89455951245826
30.42665359,-3.71617364883423,0.22236156463623,0.100308895111084,3.72417146868344
30.431408225,-2.17457866668701,-0.461888313293457,-0.150502920150757,2.22817959790975
30.436162913,-1.06975412368774,-0.516794204711914,-0.59275484085083,1.32770796356836
30.440917548,-0.241935133934021,-0.213157653808594,-1.14201927185059,1.18666625960588
30.445672235,0.56150895357132,0.211871147155762,-1.39189434051514,1.51576764152555
30.450426871,1.24467754364014,0.578882217407227,-1.32829284667969,1.91015410263486
30.455181506,1.712322473526,0.775668144226074,-1.28125286102295,2.27493257420716
30.459936194,1.9510281085968,0.857460021972656,-1.13133263587952,2.41281203221931
30.464690829,1.91160273551941,0.762270927429199,-0.917271375656128,2.25314641376169
30.469445517,1.72885179519653,0.657593727111816,-0.555864334106445,1.93140964003566
30.474200152,1.47733807563782,0.517183303833008,-0.0640811920166016,1.56656080592588
30.47895484,1.25297892093658,0.415254592895508,0.312012076377869,1.35637166331277
30.483709475,1.10606288909912,0.349422454833984,0.563124895095825,1.28941103379069
30.48846411,1.16546738147736,0.343551635742188,0.722944617271423,1.41385673367231
30.493218798,1.43115711212158,0.392797470092773,0.896601557731628,1.73389586925347
30.497973433,1.70493078231812,0.525782585144043,0.942884087562561,2.01798580319964
30.502728069,1.86740326881409,0.651646614074707,0.940905570983887,2.19023778880766
30.507482756,1.89233326911926,0.567328453063965,0.948279142379761,2.19135120575047
30.512237392,1.84395313262939,0.392569541931152,0.960459470748901,2.11583468057811
30.516992079,1.85589551925659,0.158573150634766,1.02550530433655,2.12630071996445
30.521746715,1.86587071418762,-0.0366268157958984,0.933046698570252,2.08647817803379
30.52650135,1.94569134712219,-0.142833709716797,0.979726552963257,2.1831125498881
30.531256038,2.18412137031555,-0.164793014526367,1.09869480133057,2.45044346279946
30.536010673,2.38068556785584,-0.0451984405517578,0.93606698513031,2.55850113790796
30.54076536,2.5665283203125,0.0507564544677734,0.771145820617676,2.68035626611321
30.545519996,2.74854111671448,0.00596427917480469,0.661258935928345,2.8269731557341
30.550274683,2.96454620361328,-0.0813779830932617,0.446682810783386,2.99911355285851
30.555029319,3.21431398391724,-0.125128746032715,0.37880802154541,3.23897624373455
30.559784006,3.43060207366943,-0.110995292663574,0.352541446685791,3.4504544649205
30.564538642,3.66123843193054,-0.0104331970214844,0.434492230415344,3.68694442666778
30.569293277,3.76794195175171,0.0856971740722656,0.438031911849976,3.79428550760395
30.574047965,3.69386506080627,0.170375823974609,0.430386543273926,3.72275430098088
30.5788026,3.32466268539429,0.124204635620117,0.51678192615509,3.36687872106544
30.583557288,2.71048736572266,0.00944232940673828,0.678107857704163,2.79404029749159
30.588311923,2.20006942749023,-0.133247375488281,0.866631746292114,2.36835616673951
30.593066558,1.95589005947113,-0.210683822631836,0.976841449737549,2.19638630841255
30.597821246,1.81319332122803,-0.261170387268066,1.04425764083862,2.10863795180242
30.602575881,1.64548254013062,-0.205845832824707,1.02335977554321,1.94865351639686
30.607330569,1.45520174503326,-0.149994850158691,1.05510926246643,1.80370899248311
30.612085204,1.17318260669708,-0.0744943618774414,1.03414559364319,1.5656832206611
30.61683984,0.952429533004761,-0.0175962448120117,1.12779247760773,1.47626133042891
30.621594527,0.8954017162323,0.144975662231445,1.1926246881485,1.49837105646515
30.626349163,0.982630014419556,0.324641227722168,1.03987383842468,1.46706893901248
30.63110385,1.19233787059784,0.504576683044434,0.977829337120056,1.62247263128429
30.635858485,1.37146043777466,0.727752685546875,0.987066745758057,1.83979033160932
30.640613121,1.4555960893631,0.903334617614746,1.00771772861481,1.9875282205078
30.645367808,1.53825259208679,1.07449913024902,1.18563461303711,2.2195717725722
30.650122444,1.68397343158722,1.24851226806641,1.35356736183167,2.49533444748793
30.654877131,1.83039021492004,1.40872097015381,1.55967664718628,2.7870081367668
30.659631767,2.16656875610352,1.53844738006592,1.96613895893097,3.30553216925532
30.664386454,2.57352733612061,1.78613567352295,2.03499388694763,3.73557541938394
30.66914109,3.03967475891113,2.06090068817139,2.00283002853394,4.18309244574681
30.673895777,3.72762298583984,2.22166156768799,2.21569609642029,4.872398017157
30.678650413,4.49641180038452,2.23045825958252,2.6277859210968,5.66550279970733
30.683405048,5.30096006393433,2.05197906494141,3.09350180625916,6.47151830003695
30.688159735,6.06746578216553,1.71307182312012,3.54148960113525,7.23124502999772
30.692914371,6.87977027893066,1.19992160797119,4.07982397079468,8.08801672777726
30.697669058,7.81893873214722,0.625350952148438,4.52988195419312,9.05796319430308
30.702423694,8.72716903686523,0.140315055847168,4.52435827255249,9.83122502495649
30.707178329,9.64022254943848,-0.264628410339355,4.47764825820923,10.6326503244725
30.711933017,10.5053672790527,-0.493747711181641,4.2349967956543,11.3376243688566
30.716687652,11.1650514602661,-0.489561080932617,4.06712055206299,11.8928345547799
30.72144234,11.3758955001831,-0.225737571716309,4.03399181365967,12.0720771135312
30.726196975,10.9923830032349,0.412424087524414,3.86140012741089,11.6581726124529
30.73095161,10.2558517456055,1.23097896575928,3.41628384590149,10.8797426236905
30.735706298,9.50290298461914,2.04773712158203,3.39615392684937,10.2971964120844
30.740460933,8.72152805328369,2.74288082122803,3.32355546951294,9.72802486338333
30.745215569,7.80207920074463,3.45254135131836,3.07043838500977,9.0675285228885
30.749970256,6.99313497543335,4.08559703826904,2.95612144470215,8.62175701000497
30.754724944,6.41382455825806,4.69921588897705,2.92463135719299,8.47190911252033
30.759479579,5.9922833442688,5.40081596374512,2.65958142280579,8.49409477794892
30.764234267,5.70675086975098,6.29043531417847,2.1031482219696,8.74984653435939
30.768988902,5.77913999557495,7.41783475875855,1.62319386005402,9.54240482813518
30.77374359,6.64127063751221,8.76835441589356,1.76694345474243,11.1405836478911
30.778498225,8.25896167755127,10.153205871582,2.93036556243897,13.4121243578904
30.78325286,9.89855861663818,11.5895776748657,3.6971378326416,15.6833861625071
30.788007548,11.1135425567627,12.8554744720459,3.50839328765869,17.3517398413902
30.792762183,11.7317762374878,13.9367275238037,3.07075619697571,18.4742115225656
30.797516871,12.4672756195068,14.2500591278076,3.03753972053528,19.1761256272635
30.802271506,12.9315662384033,14.0542030334473,2.84066247940063,19.3084279941544
30.80702609,13.0691213607788,13.2370147705078,2.39469361305237,18.7551339818675
30.811780829,12.9472599029541,11.949031829834,1.186842918396,17.6584115021135
30.816535465,12.7532978057861,10.4939079284668,-0.36096715927124,16.5196551363604
30.821290152,12.0028629302979,9.40997314453125,-1.76587271690369,15.3536516684671
30.826044788,10.8714122772217,8.92431259155273,-2.77448463439941,14.336273055421
30.830799475,9.53118801116943,9.07464408874512,-2.85134172439575,13.4656176936276
30.83555411,7.94863128662109,9.75017642974854,-2.36772322654724,12.800499717566
30.840308746,6.07495594024658,10.7698764801025,-1.56561279296875,12.4638065008291
30.845063433,4.04880046844482,11.7728443145752,-1.01970791816711,12.4912950780484
30.849818069,1.85215187072754,12.7728652954102,-1.64681148529053,13.011093054583
30.854572756,0.314294815063477,12.7650966644287,-2.55179357528687,13.0214486342288
30.859327392,-0.690763473510742,12.2234754562378,-3.6422655582428,12.7732769797866
30.864082079,-0.658529758453369,10.9173316955566,-5.15778350830078,12.0923332534327
30.868836715,0.565815925598145,8.99039268493652,-5.28276491165161,10.4429360527966
30.87359135,1.18820238113403,7.08061122894287,-5.03751277923584,8.77059948207241
30.878346038,1.01646041870117,5.10419654846191,-4.54606199264526,6.9103323964257
30.883100673,-0.309817314147949,3.28604078292847,-3.40383219718933,4.74132095747986
30.88785536,-2.20043516159058,1.69132375717163,-2.35342288017273,3.63883088434429
30.892609996,-3.84859037399292,0.337628364562988,-2.57592368125916,4.64338492815534
30.897364683,-4.68843698501587,-0.524241924285889,-4.0299186706543,6.20455602357911
30.902119319,-4.05789613723755,-0.745614528656006,-5.20962715148926,6.64550051865805
30.906873954,-2.84608316421509,0.0791425704956055,-4.67769050598145,5.47606075512701
30.911628642,-2.87684106826782,1.97123908996582,-2.32366037368774,4.19063188721323
30.916383277,-4.04222297668457,4.17152547836304,0.296862840652466,5.81629770180558
30.921137965,-5.27941465377808,5.90070056915283,1.63141298294067,8.08405805361606
30.9258926,-5.70999050140381,6.44098949432373,1.23507285118103,8.69573125963739
30.930647288,-5.19151735305786,5.79448795318604,0.542448282241821,7.79885845528858
30.935401923,-4.07852220535278,4.26993560791016,-0.204554319381714,5.90834460274894
30.94015661,-2.70191144943237,2.41521215438843,-0.613182067871094,3.67553635264814
30.944911246,-1.62315797805786,0.509419918060303,-0.450281858444214,1.75980232602796
30.949665881,-0.934109210968018,-1.17101049423218,-0.0837984085083008,1.50028256301462
30.954420569,-0.475524425506592,-2.55601119995117,0.110836267471313,2.60223008431541
30.959175204,-0.221997737884521,-3.61216807365418,0.118202447891235,3.62091328350181
30.963929892,-0.236392498016357,-4.19237518310547,-0.00469803810119629,4.19903717066175
30.968684527,-0.476526737213135,-4.41852855682373,-0.164076089859009,4.44717812798287
30.973439163,-1.14454078674316,-4.0524697303772,-0.0587632656097412,4.21140566195269
30.97819385,-1.42982292175293,-3.62431073188782,0.193641662597656,3.90096385042734
30.982948485,-2.14770412445068,-3.26433682441711,0.867637157440186,4.00266438093415
30.987703173,-2.65065670013428,-3.12636661529541,1.4787175655365,4.35737934931383
30.992457808,-2.92777824401855,-3.26070189476013,1.80211162567139,4.73831917498396
30.997212496,-2.92709922790527,-3.61403703689575,1.92911911010742,5.03494529613178
31.001967131,-2.78741645812988,-4.03470706939697,1.86004984378815,5.24483908888267
31.006721767,-2.77378463745117,-4.55279350280762,1.66667747497559,5.58566233313099
31.011476454,-2.79749250411987,-5.05045986175537,1.559241771698,5.98032975917021
31.01623109,-2.84406471252441,-5.48175573348999,1.58285164833069,6.37524661101829
31.020985777,-2.93495941162109,-5.8342227935791,1.70148503780365,6.74886610378743
31.025740413,-3.03891229629517,-6.07390308380127,1.82882785797119,7.03362623047856
31.0304951,-3.21073246002197,-6.26273250579834,1.84233856201172,7.27494554935618
31.035249735,-3.24946784973145,-6.51044225692749,1.75563132762909,7.48512799127564
31.040004371,-3.33917665481567,-6.7258095741272,1.71153819561005,7.70168670841129
31.044759058,-3.52053451538086,-6.94410705566406,1.7006584405899,7.96912951369603
31.049513746,-3.62893724441528,-7.22213172912598,1.75451195240021,8.27083335752013
31.054268381,-3.68860387802124,-7.43719387054443,1.84505653381348,8.50422746932282
31.059023017,-3.73803234100342,-7.53143310546875,1.90567445755005,8.62130880682839
31.063777704,-3.89672994613647,-7.56646728515625,1.83153796195984,8.70577180705746
31.06853234,-4.28668546676636,-7.56087732315064,1.58990120887756,8.83574128416568
31.073287027,-4.81023216247559,-7.48321390151978,1.2986204624176,8.99017457328961
31.078041663,-5.31928634643555,-7.35930633544922,1.01065504550934,9.13649936219404
31.08279635,-5.80645561218262,-7.10489273071289,0.790655493736267,9.20975372097209
31.087550985,-6.20918083190918,-6.72910499572754,0.645351648330689,9.17884847880587
31.092305621,-6.59614992141724,-6.18136405944824,0.504619717597961,9.05389951792263
31.097060308,-7.06493616104126,-5.56419134140015,0.0882163047790527,8.99340482574479
31.101814944,-7.56045341491699,-4.87007331848145,-0.534441947937012,9.00908975214642
31.106569631,-7.91089487075806,-4.16562366485596,-1.17206859588623,9.01711832942525
31.111324267,-7.96820735931397,-3.73705768585205,-1.58334505558014,8.94231011727066
31.116078954,-8.28686904907227,-3.29427814483643,-1.91909980773926,9.12180964524494
31.12083359,-8.39881801605225,-3.1664776802063,-2.4342565536499,9.30012526447875
31.125588225,-7.25792932510376,-3.79702520370483,-2.62095332145691,8.60025201950657
31.130342913,-6.70337104797363,-4.01063632965088,-3.3386070728302,8.49509766643553
31.135097548,-6.04045963287354,-4.21109247207642,-3.84448194503784,8.30665358676256
31.139852235,-5.18227863311768,-4.32638883590698,-3.94487309455872,7.81893061248799
31.144606871,-4.22786903381348,-4.24407911300659,-3.58022546768188,6.97890381678783
31.149361558,-3.36610174179077,-3.92131614685059,-3.16183996200562,6.05843157962304
31.154116194,-2.80931544303894,-3.29646825790405,-2.77086329460144,5.14165728449841
31.158870881,-2.31307530403137,-2.06930828094482,-2.84192180633545,4.20819125955934
31.163625517,-1.83386397361755,-1.51742649078369,-3.33186793327332,4.09475080480357
31.168380152,-1.13385164737701,-0.472602844238281,-3.84689521789551,4.03826396166831
31.17313484,-2.4133882522583,0.664167404174805,-3.9574670791626,4.68263887990121
31.177889475,-3.14730930328369,1.27769756317139,-3.1382520198822,4.62457486194838
31.182644163,-3.21092224121094,1.55668258666992,-2.08910226821899,4.13492812535142
31.187398798,-3.10247421264648,1.68941688537598,-1.39795589447021,3.79917837638797
31.192153485,-2.51916766166687,1.78024387359619,-0.851581633090973,3.20010394126234
31.196908121,-1.92742490768433,1.51980972290039,-0.390574038028717,2.48542480227557
31.201662808,-2.30202841758728,1.25139617919922,-0.402393400669098,2.65089563762813
31.206417444,-2.75576591491699,0.940535545349121,-0.754236936569214,3.00794385691767
31.211172131,-4.30380773544312,0.211003303527832,-1.74193406105042,4.6477540480115
31.215926767,-4.45363759994507,-1.08612728118896,-3.41520595550537,5.71648423955728
31.220681402,-2.7281494140625,-2.7561354637146,-2.55463838577271,4.64384099661673
31.22543609,-0.441656112670898,-4.29193496704102,2.13792562484741,4.81523538994182
31.230190725,0.208440542221069,-5.36158466339111,5.20594024658203,7.47608530003068
31.234945413,-0.209278345108032,-6.23468351364136,4.80940294265747,7.87689231904593
31.239700048,-0.371598958969116,-6.91864061355591,3.09045553207397,7.58660590261408
31.244454735,0.384466409683228,-7.36316442489624,1.0019907951355,7.44096702867098
31.249209371,1.42228436470032,-7.2003173828125,-1.61524307727814,7.51508306181627
31.253964006,1.80075097084045,-5.12327671051025,-4.00106620788574,6.74530941553646
31.258718694,2.07003593444824,-3.41323375701904,-5.79695701599121,7.03846034976479
31.263473329,1.55703067779541,-3.69639158248901,-7.06012010574341,8.11991078585313
31.268228017,-0.37217116355896,-4.2952561378479,-8.53053951263428,9.55812957860059
31.272982652,-1.31204724311829,-4.85227108001709,-8.91809463500977,10.237109676131
31.27773734,-1.93168902397156,-4.54109668731689,-7.56630182266235,9.03337726880242
31.282491975,-2.85421633720398,-2.13043165206909,-2.39131379127502,4.28995006638097
31.287246663,-4.7713565826416,2.99416637420654,3.76776456832886,6.77694073734608
31.292001298,-5.73760652542114,11.9891185760498,9.63578796386719,16.4166836649716
31.296755985,-4.48348045349121,24.2659015655518,14.5891380310059,28.6666796865913
31.301510621,1.40305638313293,30.2657852172852,7.79622650146484,31.2852596232671
31.306265256,7.47939586639404,27.8711853027344,-4.22881317138672,29.1655137713033
31.311019944,9.31279277801514,18.6703453063965,-15.0768976211548,25.7414596529629
31.315774579,11.7214097976685,6.1350679397583,-14.4128866195679,19.5642992969042
31.320529267,13.2317504882813,-3.97520112991333,-6.88086080551148,15.4346263457273
31.325283902,8.86820030212402,-9.54931926727295,-2.83819055557251,13.3375335312285
31.33003859,-2.03779911994934,-11.0872220993042,-5.42050981521606,12.5084389829195
31.334793225,-12.7321910858154,-11.0499172210693,-7.96952056884766,18.6473220204803
31.339547913,-19.7803058624268,-10.8903064727783,-9.75022411346436,24.5952463973219
31.344302548,-22.2618579864502,-10.8540239334106,-8.45202922821045,26.1693896495591
31.349057235,-23.4155006408691,-9.68704795837402,-6.04444026947022,26.0511002950274
31.353811871,-24.0312881469727,-6.7320990562439,-1.94670367240906,25.0322516544972
31.358566506,-23.1020088195801,-3.21061706542969,1.79818975925446,23.3932545801364
31.363321194,-21.1232891082764,0.161746978759766,-0.815241694450378,21.1396339575059
31.368075829,-18.8583583831787,3.32245540618897,-7.41996383666992,20.5361207186754
31.372830517,-16.4311542510986,6.07474422454834,-10.3596267700195,20.3520813243065
31.377585152,-14.1193933486938,7.47649383544922,-9.27042388916016,18.4714912146086
31.38233984,-11.6961193084717,7.30433368682861,-8.53742980957031,16.2185142735049
31.387094475,-8.4878101348877,5.87331199645996,-8.06352138519287,13.0980567956902
31.391849163,-4.72632932662964,3.62467956542969,-6.9918065071106,9.18487066259928
31.396603798,-1.25528728961945,1.28825378417969,-6.00427103042603,6.26790352500313
31.401358433,1.1552472114563,-0.449894905090332,-6.40979051589966,6.52858453287702
31.406113121,2.64284253120422,-1.25345420837402,-8.16177654266357,8.67008422275158
31.410867756,3.77813291549683,-1.30297946929932,-9.48866939544678,10.2959647785268
31.415622444,4.82237339019775,-0.936590194702148,-9.1421365737915,10.3783981153719
31.420377079,5.42329788208008,-0.47020435333252,-7.83957719802856,9.54422457277261
31.425131767,5.17996501922607,0.132104873657227,-6.84855365753174,8.58790873834493
31.429886402,3.88614320755005,0.851085662841797,-6.38565635681152,7.52350071059807
31.43464109,1.89760458469391,1.49048900604248,-5.69159841537476,6.18197000630715
31.439395725,-0.385281085968018,1.94745635986328,-4.59362125396729,5.00423660648421
31.44415036,-2.6752290725708,2.10741519927979,-3.47979307174683,4.86898441515895
31.448905048,-4.57055282592773,1.90609836578369,-2.4009051322937,5.50340890438949
31.453659683,-6.02338600158691,1.47288799285889,-1.15677750110626,6.30782943259302
31.458414371,-7.05942106246948,0.925165176391602,-0.0202637910842896,7.11981509325029
31.463169006,-7.69746685028076,0.468667984008789,0.729604363441467,7.74615828121004
31.467923694,-7.84695672988892,0.179830551147461,1.2706526517868,7.95120287185328
31.472678329,-7.44410419464111,0.0680351257324219,1.73013246059418,7.64281848340051
31.477433017,-6.5665168762207,0.219083786010742,1.72611844539642,6.79313083036989
31.482187652,-5.14832639694214,0.510766983032227,1.24751925468445,5.32188424256067
31.48694234,-3.27422118186951,0.751750946044922,0.605960309505463,3.41362589183091
31.491696975,-1.26959180831909,0.946878433227539,-0.0501677989959717,1.58460056011554
31.496451663,0.502603530883789,1.15833568572998,-0.615854620933533,1.40485899086619
31.501206298,1.80629301071167,1.32879734039307,-1.05036449432373,2.47621937301958
31.505960933,2.61313724517822,1.3627872467041,-1.43696010112762,3.27880003570661
31.510715621,3.03790473937988,1.25091743469238,-1.66777110099792,3.68444298087078
31.515470256,3.16188502311707,0.895416259765625,-1.58006083965302,3.64635152373844
31.520224944,3.01905918121338,0.514137268066406,-1.18329036235809,3.28317400570441
31.524979579,2.53388166427612,0.209921836853027,-0.707284927368164,2.63910504425737
31.529734267,1.77920091152191,0.0568141937255859,-0.32909107208252,1.81027198782214
31.534488902,1.00906264781952,-0.00271701812744141,0.0610706806182861,1.01091267547856
31.53924359,0.345682978630066,0.0431318283081055,0.398288726806641,0.529141744931365
31.543998225,-0.0795080661773682,0.110559463500977,0.612997531890869,0.627941797988624
31.54875286,-0.233472943305969,0.132573127746582,0.709884881973267,0.75896099709449
31.553507548,-0.209731936454773,0.0852956771850586,0.698429703712463,0.734211746530527
31.558262183,-0.092238187789917,0.00940704345703125,0.662282109260559,0.668740583485095
31.563016871,0.159614562988281,-0.0137805938720703,0.565730810165405,0.587977944361702
31.567771506,0.450011849403381,-0.0559816360473633,0.571576476097107,0.729619267978566
31.572526194,0.769253611564636,-0.129050254821777,0.591686725616455,0.979029248003104
31.577280829,1.04309642314911,-0.230522155761719,0.480553984642029,1.17137643157049
31.582035517,1.29515266418457,-0.377119064331055,0.379407644271851,1.40128133248047
31.586790152,1.52550983428955,-0.473202705383301,0.352695226669312,1.63569403551261
31.59154484,1.71775364875793,-0.492520332336426,0.431317806243897,1.83828423416212
31.596299423,1.90795862674713,-0.401643753051758,0.53647255897522,2.02223308060118
31.601054163,1.95068955421448,-0.293827056884766,0.649117588996887,2.07674690817735
31.605808798,1.83887529373169,-0.214460372924805,0.599775433540344,1.94606941503389
31.610563433,1.69420623779297,-0.118176460266113,0.546245217323303,1.78400792862202
31.615318121,1.65271508693695,-0.0408964157104492,0.643713235855103,1.77412130515983
31.620072756,1.6331695318222,-0.0566463470458984,0.65782105922699,1.76158453509008
31.624827444,1.6119133234024,-0.0983743667602539,0.607662081718445,1.72545509467968
31.629582079,1.58945536613464,-0.120584487915039,0.705820083618164,1.74329887572347
31.634336767,1.49432253837585,-0.0778579711914063,0.787190675735474,1.69077818543444
31.639091402,1.46531641483307,-0.0300006866455078,0.928153514862061,1.734797159304
31.64384609,1.52366125583649,-0.0320272445678711,1.20497667789459,1.94281706838336
31.648600725,1.63583385944366,-0.04559326171875,1.40254664421082,2.15526523899114
31.653355413,1.69412505626678,-0.00850963592529297,1.4758095741272,2.24680796225668
31.658110048,1.80600357055664,0.103058815002441,1.5229344367981,2.36465627840466
31.662864735,1.97841095924377,0.17669677734375,1.48663127422333,2.48100871023832
31.667619163,2.18019890785217,0.183772087097168,1.4099497795105,2.60288260175859
31.672374058,2.33256340026855,0.131584167480469,1.22370457649231,2.63735081093361
31.677128694,2.4690842628479,0.125429153442383,1.06685662269592,2.6926367417397
31.681883329,2.65436029434204,0.198783874511719,0.863102316856384,2.79822965646287
31.686638017,2.81678485870361,0.313336372375488,0.765293598175049,2.93566532729517
31.691392652,2.89434838294983,0.421253204345703,0.895023703575134,3.05872101604856
31.69614734,2.65534710884094,0.541709899902344,1.0084034204483,2.8915731604879
31.700901975,2.25994920730591,0.693835258483887,1.02931678295136,2.57842409723136
31.705656663,2.03067874908447,0.820137023925781,1.10337090492249,2.45228633601922
31.710411298,2.04165077209473,0.92781925201416,1.21585202217102,2.55097678927513
31.715165985,2.18550157546997,1.02890491485596,1.25162732601166,2.7205943143761
31.719920621,2.40975642204285,1.15690422058105,1.27990412712097,2.96369835911084
31.724675308,2.69307565689087,1.27121543884277,1.32440185546875,3.25924614910557
31.729429944,3.12149667739868,1.33130550384521,1.43055307865143,3.68274326588464
31.734184631,3.91015815734863,1.24658870697021,1.94492173194885,4.54159011396148
31.738939267,4.94445323944092,1.06530475616455,2.60918283462524,5.69125004942039
31.743693902,5.8231372833252,0.816505432128906,2.92151165008545,6.56588449964915
31.74844859,6.5823073387146,0.40483283996582,3.33176398277283,7.38859328739329
31.753203225,7.53525066375732,-0.157369613647461,4.05039167404175,8.55630998001483
31.757957913,8.50292873382568,-0.790682792663574,4.72149276733398,9.75794395777716
31.762712548,9.41888523101807,-1.31288433074951,4.7988452911377,10.65213501554
31.767467235,10.070631980896,-1.48481941223145,4.45336866378784,11.1110219888718
31.772221871,10.3340930938721,-1.23261451721191,3.54978513717651,10.9960808082232
31.776976558,10.2812032699585,-0.788381576538086,3.15727949142456,10.7839278547012
31.781731194,9.68744468688965,-0.298018455505371,2.64199423789978,10.0456723575112
31.786485881,8.73699188232422,0.219240188598633,2.15192317962647,9.00077034387111
31.791240517,7.71397018432617,0.595828056335449,1.59550523757935,7.89974582126114
31.795995204,6.83790874481201,0.934451103210449,1.08669257164001,6.98649379960545
31.80074984,6.13278865814209,1.39761066436768,0.574174880981445,6.31617677780955
31.805504527,5.53905344009399,2.09744071960449,0.329211950302124,5.93201071245609
31.810259163,5.03315734863281,3.00025081634522,0.572646141052246,5.88745288388269
31.815013798,4.54359865188599,3.9504451751709,1.33151650428772,6.16629888933725
31.819768485,3.9721302986145,4.84262847900391,1.7465648651123,6.50225795573167
31.824523121,3.4754056930542,5.54266548156738,1.55066633224487,6.72340326366267
31.829277808,3.72407245635986,6.06963157653809,1.7935448884964,7.34342879057038
31.834032444,4.69836664199829,6.51481246948242,2.81402015686035,8.51094237193404
31.838787131,5.6984224319458,7.26613903045654,3.67419767379761,9.93823541525189
31.843541767,6.44759559631348,8.46219730377197,3.90309047698975,11.3320072120139
31.848296454,7.38265943527222,9.91116237640381,4.04918384552002,13.0050255595088
31.85305109,8.78632164001465,11.2893905639648,4.42079257965088,14.9730823246192
31.857805777,10.4559078216553,12.3118505477905,4.64738416671753,16.8079103959754
31.862560413,12.0415744781494,12.8975982666016,4.45985269546509,18.1999407423406
31.8673151,13.0676803588867,13.0856399536133,3.92901277542114,18.9059616086317
31.872069735,13.2000503540039,13.1037902832031,3.23113107681274,18.8783171169983
31.876824423,12.7472610473633,13.0552940368652,2.57886075973511,18.4278020777502
31.881579058,12.3332605361938,12.7968645095825,2.12120652198792,17.8988428072648
31.886333694,11.8200778961182,12.3668975830078,1.71532988548279,17.1929274387737
31.891088381,11.0416374206543,11.8421936035156,1.28749990463257,16.2423201014131
31.895843017,10.1230010986328,11.3807907104492,0.755735397338867,15.250202766808
31.900597704,8.89689445495606,10.9705219268799,0.141370534896851,14.125405053269
31.90535234,7.45148229598999,10.6725044250488,-0.673735857009888,13.0338351652597
31.910107027,5.91739082336426,10.3323030471802,-1.6902346611023,12.0261753531535
31.914861663,4.51763343811035,9.95088386535645,-2.6754367351532,11.2510916495579
31.91961635,3.64475512504578,9.68042469024658,-2.94127225875855,10.7538804440642
31.924370985,3.05806016921997,9.58274841308594,-2.56218838691711,10.3800582116443
31.929125621,2.07732677459717,9.71685981750488,-2.78841757774353,10.3202676239218
31.933880308,1.02150917053223,9.4307107925415,-3.21868300437927,10.0170707954332
31.938634996,-0.440591812133789,9.1479082107544,-4.12247085571289,10.0435607099031
31.943389631,-1.55293607711792,8.76303482055664,-4.89859247207642,10.1586710712271
31.948144319,-1.24852895736694,7.84386396408081,-4.46109676361084,9.1096877432044
31.952898954,-0.864992618560791,6.64881896972656,-3.9011116027832,7.75716943605915
31.95765359,-0.973727226257324,5.30992031097412,-3.84847617149353,6.62979390800376
31.962408277,-1.67109394073486,3.93732166290283,-4.42815732955933,6.15659274040883
31.967162965,-2.54516410827637,2.57485008239746,-4.06764698028564,5.4454995400888
31.9719176,-3.31336307525635,1.41156196594238,-3.20799326896668,4.82308022594512
31.976672288,-3.83350801467896,0.486469268798828,-2.73778223991394,4.73580907990194
31.981426923,-4.0698447227478,-0.176148414611816,-3.45045065879822,5.3385647959025
31.986181558,-3.63738965988159,-0.37156343460083,-4.98974609375,6.18597033648233
31.990936246,-2.75204372406006,0.153567314147949,-5.36382436752319,6.03058367197973
31.995690881,-2.39026546478272,1.44751071929932,-3.64007616043091,4.5889879852051
32.000445569,-2.79375553131104,3.25208282470703,-1.56743717193604,4.56486275318901
32.005200204,-3.36798524856567,4.4807596206665,-0.119924306869507,5.60668469348237
32.009954892,-3.25925874710083,4.81141901016235,0.17180347442627,5.81395191807861
32.014709527,-2.54139041900635,4.07725429534912,0.215368032455444,4.80926722486533
32.019464215,-1.40575981140137,2.4582633972168,0.00656485557556152,2.83183026941514
32.02421885,-0.29320764541626,0.530760288238525,-0.36952018737793,0.710086174898096
32.028973538,0.633623123168945,-1.34570837020874,-0.71894097328186,1.65205490312147
32.033728173,1.31547975540161,-2.99325895309448,-1.00823855400085,3.42149545212696
32.03848286,1.73200702667236,-4.20823812484741,-1.21288466453552,4.70958657053113
32.043237496,1.86809587478638,-5.04817533493042,-1.31492042541504,5.5410172472902
32.047992183,1.70875930786133,-5.44963884353638,-1.40117788314819,5.88062253145081
32.052746819,1.28182935714722,-5.5058708190918,-1.46952557563782,5.84099352805879
32.057501506,0.483288764953613,-5.07671451568604,-1.34903717041016,5.27508289899371
32.062256142,-0.20368766784668,-4.52955055236816,-1.19860243797302,4.68987896185034
32.067010829,-1.10922288894653,-4.13804340362549,-0.980434417724609,4.39488683302657
32.071765465,-1.79864883422852,-3.92673707008362,-0.760931253433228,4.38559209444881
32.076520152,-2.17203903198242,-4.13930749893189,-0.763597726821899,4.73652843500136
32.081274788,-2.24856042861938,-4.55003166198731,-0.68550181388855,5.12139872135381
32.086029423,-2.2116870880127,-4.98553657531738,-0.534656763076782,5.4802365435639
32.09078411,-2.13735055923462,-5.40914630889893,-0.280805587768555,5.82288442116598
32.095538746,-2.13753414154053,-5.74870014190674,0.0919406414031982,6.13392685066847
32.100293433,-2.15754747390747,-5.98983860015869,0.236805200576782,6.37096964842368
32.105048069,-2.15535593032837,-6.25219869613648,0.228642463684082,6.61723696859738
32.109802756,-1.96695137023926,-6.53081464767456,0.309394359588623,6.82760298530253
32.114557392,-1.78418397903442,-6.82038927078247,0.350241422653198,7.05858989672795
32.119312079,-1.59521484375,-7.14878654479981,0.258482456207275,7.32916588985391
32.124066715,-1.46409893035889,-7.35706186294556,0.0539603233337402,7.50152362187711
32.128821402,-1.48334407806396,-7.42050361633301,-0.181938648223877,7.56949702725724
32.133576038,-1.57786703109741,-7.36242008209229,-0.256266355514526,7.53396086252037
32.138330725,-1.94032621383667,-7.22050285339356,-0.291703224182129,7.48235377691836
32.14308536,-2.4482216835022,-7.03023862838745,-0.343563795089722,7.45225339511063
32.147840048,-2.99607706069946,-6.88440465927124,-0.395074844360352,7.51848318471827
32.152594683,-3.55747890472412,-6.69177341461182,-0.453587055206299,7.59218208466534
32.157349371,-4.12253379821777,-6.47105503082275,-0.51689338684082,7.69005961633225
32.162104006,-4.77006244659424,-6.11676788330078,-0.582675695419312,7.77867958259118
32.166858694,-5.35697364807129,-5.70284175872803,-0.710465669631958,7.85648345374367
32.171613329,-6.02734279632568,-5.33420085906982,-1.13891363143921,8.12894115178591
32.176368017,-6.46632385253906,-5.28760957717896,-1.50642907619476,8.48772571235636
32.181122652,-6.73379611968994,-5.24657678604126,-1.97033023834229,8.76086636135401
32.185877288,-7.12074184417725,-4.97852468490601,-2.44870185852051,9.02700466608703
32.190631975,-7.57376050949097,-4.47354173660278,-2.7427453994751,9.2139609425368
32.19538661,-8.24558448791504,-3.5068621635437,-2.99820065498352,9.44864820749419
32.200141298,-8.31731224060059,-2.95336103439331,-3.42504739761353,9.46736362368195
32.204895933,-7.57213687896729,-3.3663911819458,-3.29168653488159,8.91656025312562
32.209650621,-7.70777463912964,-3.35801792144775,-3.54200196266174,9.12314924529211
32.214405256,-7.52058696746826,-3.52814483642578,-3.42395949363709,8.98501713610602
32.219159944,-6.7899112701416,-3.77584218978882,-3.57454705238342,8.55203285355524
32.223914579,-5.84634399414063,-4.06504678726196,-3.50496554374695,7.93656896544762
32.228669267,-4.30785322189331,-4.38153219223023,-2.49316763877869,6.63108653298837
32.233423902,-4.15570306777954,-4.07571411132813,-0.954865694046021,5.89856609681518
32.23817859,-3.63855528831482,-3.87301397323608,-0.72871720790863,5.36380001417911
32.242933225,-3.47947454452515,-2.9760274887085,-1.42023718357086,4.79380395689523
32.247687913,-3.32255172729492,-1.78573226928711,-1.85554027557373,4.20371495613106
32.252442548,-2.92073607444763,-0.253341674804688,-2.097407579422,3.60471909793113
32.257197235,-2.39856576919556,1.05590057373047,-2.17994546890259,3.40884232814455
32.261951871,-1.80668771266937,2.26099014282227,-1.96247005462646,3.49678218257236
32.266706558,-0.908970594406128,2.79730892181397,-0.918528854846954,3.08137307100933
32.271461194,-0.904697060585022,3.31445789337158,-0.580795466899872,3.48445566376383
32.276215881,-2.58120131492615,3.9284496307373,-0.87061607837677,4.78051138324601
32.280970517,-5.20733737945557,4.10058212280273,-4.78470897674561,8.1746300418719
32.285725204,-5.21678829193115,2.86502647399902,-8.8848876953125,10.6941332579064
32.29047984,-1.07262396812439,0.310457229614258,-2.36171197891235,2.61239149817802
32.295234527,3.03398752212524,-2.5844407081604,6.4239673614502,7.55987901486431
32.299989163,4.16261339187622,-5.33353853225708,8.08193778991699,10.5400048370666
32.30474385,3.4971764087677,-7.49761438369751,5.23991870880127,9.79291643768672
32.309498485,3.79454731941223,-8.98250865936279,3.86121368408203,10.4877558271028
32.314253173,5.84955358505249,-9.48373889923096,3.22026300430298,11.598649683048
32.319007808,7.84097671508789,-8.58478164672852,0.970585942268372,11.6671088466632
32.323762496,7.70609569549561,-6.458815574646,-2.522789478302,10.3665170740831
32.328517131,5.46630048751831,-4.00426626205444,-5.34134531021118,8.62812604452354
32.333271819,2.58752226829529,-2.225510597229,-6.6602668762207,7.48380409750184
32.338026454,-0.0406479835510254,-1.44941854476929,-7.01303339004517,7.16136186115297
32.34278109,-1.91438746452332,-1.732834815979,-6.36397743225098,6.86788210600566
32.347535777,-3.54069256782532,-2.2562403678894,-5.33672618865967,6.79027030907261
32.352290413,-4.64816904067993,-2.11734390258789,-4.033616065979,6.50835456934281
32.3570451,-5.05782794952393,-2.21613550186157,-4.25737285614014,6.97266833900735
32.361799788,-5.54732131958008,-2.80038166046143,-4.47446489334106,7.65739821014018
32.366554423,-5.81336498260498,-3.18409776687622,-5.61283111572266,8.68548007559907
32.37130911,-5.66311836242676,-2.11470222473145,-5.78112030029297,8.36446214723928
32.376063746,-6.04703235626221,1.03436851501465,-3.70567774772644,7.16718676417258
32.380818381,-6.63987636566162,6.3430290222168,0.244102835655212,9.18594369252998
32.385573069,-5.77764797210693,13.2862939834595,5.92229223251343,15.6518487467708
32.390327704,-2.37778806686401,20.085428237915,11.1570234298706,23.0988630760485
32.395082392,2.99449753761292,23.1872406005859,7.97331809997559,24.7020028276176
32.399837027,6.98983526229858,22.2652053833008,4.17238426208496,23.7066648473617
32.404591715,6.00708293914795,17.0814819335938,-1.13468790054321,18.1424801809767
32.40934635,4.00889396667481,8.66458225250244,-8.51396751403809,12.7919450935547
32.414101038,5.99754190444946,1.42669582366943,-8.74854183197022,10.7024742024747
32.418855621,2.84624338150024,-2.63163661956787,-5.95058584213257,7.10183670248571
32.42361036,-4.45195245742798,-2.49173355102539,-2.37502670288086,5.6275544077247
32.428364996,-11.2497835159302,-1.75003147125244,1.79117631912231,11.5251269802919
32.433119683,-16.6986675262451,-1.86505317687988,-2.27996373176575,16.956478264157
32.437874319,-21.6624393463135,-1.90732192993164,-8.72177696228027,23.430077864934
32.442629006,-25.3097915649414,-2.99991273880005,-9.89333438873291,27.3397712285322
32.447383642,-26.7975540161133,-4.75744485855103,-3.13095641136169,27.3960776549949
32.452138329,-24.4724311828613,-6.70913410186768,2.9125394821167,25.542029179993
32.456892965,-19.3097267150879,-7.56269264221191,0.270513415336609,20.7396490645291
32.461647652,-14.116587638855,-6.46489572525024,-6.59316492080689,16.8683949140631
32.466402288,-10.7310600280762,-4.07414960861206,-10.9806699752808,15.8848814117563
32.471156975,-9.36847877502441,-0.90921688079834,-12.0287532806396,15.2737020849862
32.47591161,-8.82670879364014,2.66064357757568,-11.3102989196777,14.5915274740886
32.480666298,-7.51809978485107,5.87979221343994,-8.6827564239502,12.9028694469818
32.485420933,-4.97635173797607,7.60160255432129,-6.30436515808106,11.0586372605465
32.490175621,-2.30113196372986,7.43119525909424,-7.41751861572266,10.7488349930528
32.494930256,-0.0677462071180344,5.74807739257813,-9.64345169067383,11.2268046999138
32.499684944,1.81327021121979,3.37813282012939,-9.22320556640625,9.98835577707961
32.504439579,2.91015315055847,0.98206901550293,-7.30081367492676,7.92056382001394
32.509194267,3.12409472465515,-0.961467742919922,-5.84872484207153,6.70014703924909
32.513948902,2.51754999160767,-1.80518388748169,-4.48455905914307,5.45050610336411
32.51870359,1.13001418113709,-1.28533363342285,-3.23078870773315,3.65609221338781
32.523458225,-0.780516743659973,0.185199737548828,-2.5398588180542,2.66352926501088
32.52821286,-2.69631767272949,1.60858917236328,-2.60533022880554,4.07988158147338
32.532967548,-4.21897745132446,2.49712467193604,-2.60813617706299,5.55317716988038
32.537722235,-5.26005029678345,2.62659168243408,-2.04806351661682,6.22588766032767
32.542476871,-5.90230178833008,2.09588432312012,-1.10057830810547,6.35933723816385
32.547231558,-6.19774580001831,1.20222187042236,-0.253210067749023,6.31834675890584
32.551986194,-6.19896125793457,0.414474487304688,0.358320832252502,6.22312651300183
32.556740881,-5.88765382766724,-0.0380086898803711,0.615626156330109,5.91987396988389
32.561495517,-5.02622365951538,-0.193789482116699,0.50588059425354,5.05533320509079
32.566250152,-3.61824321746826,-0.0890378952026367,0.14962899684906,3.62243020143042
32.57100484,-1.912757396698,0.280718803405762,-0.180220603942871,1.94162905089875
32.575759527,-0.25369668006897,0.81004810333252,-0.454925060272217,0.963066324639331
32.580514163,1.02964246273041,1.28134059906006,-0.961176753044128,1.90416860662326
32.585268798,1.87807655334473,1.46280384063721,-1.44104468822479,2.78272823140656
32.590023485,2.32572865486145,1.3714427947998,-1.29049897193909,2.99253349388571
32.594778121,2.39489436149597,1.07456588745117,-0.615212202072144,2.69605209570909
32.599532808,2.11966872215271,0.739892959594727,0.167000532150269,2.25129435238238
32.604287444,1.75382101535797,0.427290916442871,0.712337613105774,1.94059025974859
32.609042131,1.47677874565125,0.232322692871094,1.34606218338013,2.01164924844174
32.613796767,1.22916030883789,0.233695030212402,1.78582620620728,2.18050995658014
32.618551454,1.03044652938843,0.340384483337402,1.8453882932663,2.14082684945556
32.62330609,1.07929468154907,0.411337852478027,1.87901723384857,2.20562499160698
32.628060777,1.28966331481934,0.439440727233887,1.73843276500702,2.20872997371625
32.632815413,1.5801990032196,0.417570114135742,1.61248505115509,2.29597511532556
32.6375701,1.87914967536926,0.295605659484863,1.52735686302185,2.4395502034965
32.642324735,2.14826226234436,0.13585376739502,1.35895764827728,2.54563408284452
32.647079423,2.42786455154419,-0.166778564453125,1.03345048427582,2.64392913552081
32.651834058,2.72254514694214,-0.480680465698242,0.816342711448669,2.88265870504599
32.656588746,3.01545190811157,-0.726972579956055,0.905867636203766,3.23141385719364
32.661343381,3.12279653549194,-0.912809371948242,1.02240061759949,3.41033461326962
32.666098069,2.99490308761597,-0.961690902709961,1.04911744594574,3.31586207673879
32.670852704,2.73235893249512,-0.995635032653809,1.08416056632996,3.10362346102395
32.675607392,2.55756092071533,-0.866484642028809,1.18008542060852,2.94695013496578
32.680362027,2.58759951591492,-0.662898063659668,1.15959823131561,2.91200500611471
32.685116715,2.81044435501099,-0.428062438964844,1.18474006652832,3.07984479308669
32.68987135,3.07549142837524,-0.331690788269043,1.20260083675385,3.31887256121611
32.694626038,3.33247947692871,-0.361605644226074,1.24682915210724,3.57641734709914
32.699380673,3.4953761100769,-0.534314155578613,1.15031814575195,3.71838373546817
32.70413536,3.58814358711243,-0.789881706237793,1.0924506187439,3.83303220257528
32.708889996,3.62990260124207,-1.00627517700195,1.20959806442261,3.95624949969149
32.713644683,3.56804823875427,-1.13087558746338,1.2127720117569,3.93454746837536
32.718399319,3.24510669708252,-0.955782890319824,1.05225312709808,3.54280609861246
32.723154006,2.71379446983337,-0.553074836730957,0.94557797908783,2.92654914772655
32.727908642,2.08635473251343,-0.145298957824707,0.85199511051178,2.25829217006173
32.732663329,1.54429388046265,0.138409614562988,0.864325523376465,1.77512236789407
32.737417965,1.04913115501404,0.190559387207031,0.965218424797058,1.43827524071074
32.742172652,0.663083910942078,0.0806846618652344,1.15174508094788,1.33143044095371
32.746927288,0.393336057662964,-0.047642707824707,1.41162085533142,1.46617069984137
32.751681975,0.409322738647461,-0.0964460372924805,1.63235867023468,1.68565766713577
32.75643661,0.68443238735199,-0.0514421463012695,1.58946251869202,1.73132466210102
32.761191298,1.06773090362549,0.065826416015625,1.36004495620728,1.73034813910589
32.765945933,1.51113343238831,0.209933280944824,1.14299631118774,1.90631497930397
32.770700621,1.99044215679169,0.407108306884766,0.907278776168823,2.22502852358223
32.775455256,2.35036993026733,0.585593223571777,0.561972618103027,2.48655815457745
32.780209944,2.57919716835022,0.778865814208984,0.455957174301147,2.73254221093946
32.784964579,2.64135408401489,0.953523635864258,0.503003239631653,2.85288818224162
32.789719267,2.52036786079407,1.12641048431396,0.559763312339783,2.81680487409719
32.794473902,2.3430507183075,1.2545280456543,0.788730025291443,2.77233157084262
32.79922859,2.22169065475464,1.33790302276611,1.08443164825439,2.81102932455116
32.803983225,2.29027509689331,1.38618469238281,1.22674608230591,2.94478759357937
32.808737913,2.49888563156128,1.47596454620361,1.32308125495911,3.18958378922668
32.813492548,2.75224137306213,1.63111209869385,1.6286586523056,3.58997050960454
32.818247235,3.11761903762817,1.7800464630127,2.10503458976746,4.16164444641575
32.823001871,3.63808846473694,1.78195285797119,2.43194937705994,4.72497845898432
32.827756558,4.38777542114258,1.58463764190674,2.80331254005432,5.4426290338178
32.832511194,5.37147331237793,1.26980209350586,3.3792712688446,6.47183105548181
32.837265881,6.40524864196777,0.847420692443848,3.7129123210907,7.45191585429674
32.842020517,7.47983932495117,0.387312889099121,3.98185920715332,8.48252381940304
32.846775204,8.50462150573731,-0.0743198394775391,4.286865234375,9.52424925818736
32.85152984,9.26232719421387,-0.374631881713867,4.18630647659302,10.1713428816177
32.856284527,9.79618453979492,-0.434541702270508,3.59080243110657,10.4426012146385
32.861039163,10.0585594177246,-0.127389907836914,3.09169554710388,10.5237553708026
32.86579385,10.0207633972168,0.457990646362305,2.49999117851257,10.3380564124886
32.870548485,9.69942092895508,1.06551361083984,2.25768184661865,10.0155485587405
32.875303173,9.14475822448731,1.64026641845703,2.18987798690796,9.54529425975911
32.880057808,8.47409057617188,2.1727294921875,2.02101063728333,8.97861061275066
32.884812496,7.71403121948242,2.76808452606201,1.84587585926056,8.40094204755481
32.889567131,7.01306247711182,3.51929950714111,1.64881110191345,8.01792319610449
32.894321819,6.54572582244873,4.30419826507568,2.13122248649597,8.11879046008078
32.899076454,6.03706073760986,4.99374198913574,2.80173492431641,8.32065381984987
32.903831142,5.55373620986939,5.67648124694824,3.15098237991333,8.54371787890341
32.908585777,5.52045679092407,6.37617588043213,3.95353078842163,9.31458360495314
32.913340465,6.0751838684082,7.13580560684204,5.2466197013855,10.740325832328
32.9180951,6.86424970626831,8.05568313598633,5.93129205703735,12.132278445671
32.922849788,7.78971767425537,9.13309669494629,5.66762065887451,13.2746028421473
32.927604423,9.17344188690186,10.2147254943848,5.19979667663574,14.6809583630072
32.93235911,10.9713430404663,11.1905918121338,4.67639827728272,16.3544615950864
32.937113746,12.8222408294678,12.2070369720459,4.31283092498779,18.2214742025254
32.941868433,13.6434535980225,13.331244468689,3.84406065940857,19.4587437291968
32.946623069,13.6478729248047,14.338210105896,3.04628610610962,20.028194213476
32.951377756,13.0618534088135,15.1129360198975,1.65142774581909,20.0434543732987
32.956132392,12.5626583099365,15.4042806625366,0.193293809890747,19.8783703818839
32.960887079,12.1495018005371,15.355715751648,-0.670684099197388,19.5922999519602
32.965641715,11.7078285217285,14.7192153930664,-1.60814452171326,18.876299406515
32.970396402,10.7311458587646,13.7307987213135,-3.07542514801025,17.6960607144166
32.975151038,9.29319000244141,12.572455406189,-3.96353983879089,16.1288456938421
32.979905725,7.46462917327881,11.5078382492065,-4.02506542205811,14.2951803596986
32.98466036,5.60269403457642,10.6511011123657,-3.52567076683044,12.5405936744238
32.989415048,3.78465104103088,9.92331504821777,-2.62611293792725,10.9403946094878
32.994169683,2.32675552368164,9.39241218566895,-1.77857756614685,9.83842142273273
32.998924267,0.768225193023682,9.19620990753174,-1.88459444046021,9.41871237566976
33.003679006,-0.495770454406738,8.69759368896484,-1.92168760299683,8.92114384848128
33.008433694,-1.79088163375855,8.27846813201904,-2.43172240257263,8.81212604779131
33.013188329,-3.0214147567749,7.66805839538574,-3.45249557495117,8.93575919452625
33.017943017,-3.74975872039795,6.62690305709839,-4.04561471939087,8.62226959953889
33.022697652,-3.96926164627075,5.46606588363648,-3.86319375038147,7.78184940832172
33.02745234,-4.01620626449585,4.4843921661377,-2.80627942085266,6.64190409796724
33.032206975,-4.63493251800537,3.5978364944458,-2.08824682235718,6.22798536272481
33.036961663,-6.0952467918396,2.78733348846436,-0.978013753890991,6.77331324627363
33.041716298,-7.54877996444702,2.22628784179688,-0.120789289474487,7.87115153955386
33.046470985,-7.68748044967651,1.95615720748901,-0.65304970741272,7.95929523292871
33.051225569,-6.48833703994751,1.94342136383057,-1.21426057815552,6.88112148512221
33.055980308,-5.30073642730713,2.17624616622925,-1.25431561470032,5.86576181830538
33.060734944,-4.80000257492065,2.62579298019409,-1.29157590866089,5.62165294392269
33.065489631,-4.70256328582764,3.15638828277588,-1.18131732940674,5.78553360387921
33.070244267,-4.00453996658325,3.3848762512207,-0.415924549102783,5.25991642619794
33.074998954,-2.99938488006592,3.24925661087036,0.378711938858032,4.43817540377647
33.07975359,-2.14469337463379,2.74846982955933,1.21376204490662,3.69147861660498
33.084508277,-1.51325035095215,1.84401321411133,1.83239245414734,3.00798495084169
33.089262913,-0.970161437988281,0.62283182144165,2.12374091148376,2.41648673753234
33.0940176,-0.363787174224854,-0.743640899658203,2.01400756835938,2.17751449620521
33.098772235,0.283658027648926,-2.03543543815613,1.60857605934143,2.60978471108977
33.103526923,0.702178478240967,-3.12815976142883,1.22913002967834,3.43354026307897
33.108281558,0.768423557281494,-3.92880773544312,0.870544672012329,4.09681010194906
33.113036246,0.576722621917725,-4.35726833343506,0.767482757568359,4.46177387317559
33.117790881,0.192476272583008,-4.46613931655884,0.966099977493286,4.57348845816108
33.122545569,-0.374031543731689,-4.46141004562378,0.916608095169067,4.56992883872698
33.127300256,-0.885995388031006,-4.39887428283691,0.956305265426636,4.58798458416099
33.132054892,-1.27391576766968,-4.27920627593994,1.18257069587708,4.61875970211792
33.136809527,-1.80277967453003,-3.97633671760559,1.5992796421051,4.64961972857231
33.141564215,-1.57384157180786,-3.86624455451965,1.76874196529388,4.53357170322641
33.146318902,-1.58400106430054,-4.05593585968018,1.83758723735809,4.72614027769449
33.151073538,-1.63470315933228,-4.50631093978882,1.72450649738312,5.09441020773827
33.155828173,-1.60438585281372,-5.03946542739868,1.62415170669556,5.5324618864496
33.16058286,-1.51946401596069,-5.59939813613892,1.66612899303436,6.03639099166257
33.165337548,-1.46814441680908,-5.99869203567505,1.85286724567413,6.44770278452497
33.170092183,-1.51959896087646,-6.24400424957275,1.95726919174194,6.71771335794566
33.174846871,-1.67846393585205,-6.43557834625244,1.94777727127075,6.93020534567254
33.179601506,-1.91614675521851,-6.64034271240234,1.87870752811432,7.16207453897841
33.184356142,-2.14672899246216,-6.79857492446899,1.77769422531128,7.34773864052072
33.189110829,-2.37261819839478,-6.91488790512085,1.64856445789337,7.49418151818929
33.193865517,-2.6177282333374,-6.96494054794312,1.57936882972717,7.60639887465203
33.198620152,-2.86502170562744,-7.06037139892578,1.56020760536194,7.7776244082827
33.203374788,-3.06135892868042,-7.21685791015625,1.64122748374939,8.00928113122586
33.208129475,-3.28229761123657,-7.36638641357422,1.69779217243195,8.24133633967158
33.21288411,-3.64380884170532,-7.40530920028687,1.66499948501587,8.41951129887277
33.217638798,-4.08794546127319,-7.39535236358643,1.63121092319489,8.60600858423333
33.222393485,-4.58095073699951,-7.36006021499634,1.5413498878479,8.80518912346334
33.227148121,-5.0393180847168,-7.30153894424439,1.31434667110443,8.96853972980632
33.231902808,-5.5878438949585,-7.12156915664673,0.926748156547546,9.09942903664792
33.236657444,-6.26051330566406,-6.77210712432861,0.377091646194458,9.23025784382044
33.241412131,-6.90530204772949,-6.34392261505127,-0.269419431686401,9.3808921402128
33.246166767,-7.42028570175171,-5.99201774597168,-0.878418922424316,9.57791920862426
33.250921454,-7.54062032699585,-5.89256191253662,-1.18464279174805,9.6429569818091
33.25567609,-7.68411350250244,-5.79577922821045,-1.38882994651794,9.72447971882512
33.260430777,-8.44486331939697,-5.12963819503784,-1.81532537937164,10.0461092333439
33.265185413,-9.02234077453613,-4.54676198959351,-2.65677785873413,10.4467289728666
33.2699401,-8.73174858093262,-4.5077919960022,-3.24333763122559,10.3480848928661
33.274694735,-9.12104988098145,-3.78768873214722,-4.29650449752808,10.7703336884363
33.279449423,-9.13318347930908,-3.08691692352295,-5.26321220397949,10.983874510553
33.284204058,-8.58668327331543,-2.55070972442627,-6.29411792755127,10.9477472669239
33.288958694,-7.18718862533569,-2.44604778289795,-6.55841970443726,10.0325320389185
33.293713381,-4.85678100585938,-2.72417449951172,-5.22406625747681,7.63546440664705
33.298468069,-3.82429718971252,-3.22180032730103,-3.1840341091156,5.92818012144129
33.303222704,-3.2608208656311,-3.5467267036438,-2.26440286636353,5.32350855820394
33.307977392,-3.57930660247803,-3.34831857681274,-3.33012938499451,5.92557463603118
33.312732027,-4.01507663726807,-2.42739057540894,-3.92855143547058,6.11936122400516
33.317486715,-3.41557455062866,-1.24220180511475,-3.78259563446045,5.24568818834781
33.32224135,-2.09385776519775,-0.152591705322266,-2.68721175193787,3.41007794180207
33.326996038,-0.911986351013184,1.05061817169189,-1.79415595531464,2.27035531120451
33.331750673,0.166436433792114,1.65879440307617,-0.793666124343872,1.8464034973703
33.33650536,0.74941349029541,2.51506900787354,-0.0397976636886597,2.62464789025839
33.341259996,0.774816751480103,2.90356349945068,0.0226030349731445,3.00525088651621
33.346014683,-0.843758821487427,2.83562278747559,-0.512690305709839,3.00258836527046
33.350769371,-2.11523342132568,2.13135623931885,-1.51828575134277,3.3648303773455
33.355524006,-2.25719022750855,0.476334571838379,-2.84331369400024,3.66145259562074
33.360278642,0.158517360687256,-1.93308305740356,0.169727087020874,1.94698360150479
33.365033329,3.75507497787476,-4.71471500396729,6.71401071548462,9.02258641109841
33.369787965,5.8125638961792,-7.57578182220459,10.0282745361328,13.8471895862251
33.374542652,6.94350624084473,-10.0464859008789,8.92020797729492,15.1233021602891
33.37929734,7.62011671066284,-11.3888826370239,6.54087352752686,15.18406575681
33.384051975,7.45767831802368,-10.8572559356689,3.22166728973389,13.560092642511
33.38880661,5.55422115325928,-8.26324367523193,-0.830553472042084,9.99101535007802
33.393561298,3.38473773002625,-5.18692684173584,-3.90746212005615,7.32317689136734
33.398315985,1.96655917167664,-3.0706033706665,-6.00994682312012,7.02961029164388
33.403070621,0.785260677337647,-2.09029388427734,-7.17231178283691,7.51185856923846
33.407825308,-0.546417951583862,-2.31793546676636,-7.17590284347534,7.56075254355702
33.412579944,-2.51773953437805,-3.14456081390381,-6.57075357437134,7.70727433081393
33.417334631,-5.09977912902832,-3.86126327514648,-5.77618980407715,8.61866984502786
33.422089267,-7.78083038330078,-4.0914101600647,-4.76998424530029,10.0016852705927
33.426843954,-10.2067050933838,-3.75714921951294,-4.04998826980591,11.6058349163926
33.43159859,-12.1029586791992,-2.66606330871582,-4.30031728744507,13.1180117063976
33.436353277,-12.921763420105,0.318016052246094,-1.82091546058655,13.0533075199067
33.441107913,-12.2673416137695,3.64686107635498,-1.54826164245605,12.8912520762203
33.4458626,-11.2795810699463,5.70565605163574,-3.13366055488586,13.0231827356567
33.450617235,-9.42550086975098,6.63354206085205,-5.02119731903076,12.5720471457679
33.455371923,-5.5993070602417,6.42853260040283,-4.13858318328857,9.47661024387484
33.460126558,-0.170907497406006,6.42211151123047,1.20987033843994,6.5373168709483
33.464881246,7.09424066543579,7.89908504486084,10.7603721618652,15.1165275188091
33.469635881,16.1311836242676,11.2267265319824,14.3263139724731,24.3207266705096
33.474390569,26.1522521972656,18.1026000976563,8.89991664886475,33.028062941108
33.479145204,26.3005790710449,25.5789108276367,-13.8746662139893,39.2238129348753
33.483899892,15.8248653411865,25.2572250366211,-26.9251689910889,40.166136294345
33.488654527,2.71005725860596,16.6752319335938,-17.4856300354004,24.3136798555662
33.493409215,-8.5023832321167,7.71433544158936,-7.13657760620117,13.5178486402413
33.49816385,-15.369312286377,-0.604398727416992,0.588075995445252,15.3924296767697
33.502918538,-19.8090839385986,-7.06864881515503,8.10798740386963,22.5411859115652
33.507673225,-24.945556640625,-9.80376720428467,10.477518081665,28.7779956330884
33.51242786,-32.5703887939453,-10.1939430236816,9.72135925292969,35.485934203334
33.517182496,-38.3844909667969,-11.2721681594849,8.1456470489502,40.8262475331972
33.521937183,-36.6648750305176,-12.2764644622803,5.07142639160156,38.9967178919269
33.526691871,-28.0639305114746,-10.2761268615723,-2.77450656890869,30.0146775049961
33.531446506,-16.3132591247559,-7.14610576629639,-8.48566341400147,19.728044365072
33.536201194,-7.3112359046936,-3.66681003570557,-12.2538261413574,14.7328178361998
33.540955829,-1.914470911026,0.577668190002441,-11.43736743927,11.61086875939
33.545710517,0.304135262966156,5.3711404800415,-8.70717716217041,10.2350663138029
33.550465152,0.8302983045578,9.52870941162109,-12.3961181640625,15.6572489238393
33.55521984,2.23369216918945,11.643045425415,-16.6063556671143,20.4039441292039
33.559974475,4.63093614578247,10.2570705413818,-14.8400993347168,18.6247580908172
33.564729163,5.93461275100708,5.90047454833984,-10.6896715164185,13.5758721829925
33.569483798,4.97332048416138,1.10887336730957,-7.60352897644043,9.15298692659816
33.574238485,2.54447221755981,-2.40031623840332,-4.66063117980957,5.82729267365983
33.578993121,-0.107271790504456,-4.12392377853394,-1.56851136684418,4.41344338086658
33.583747808,-2.78668141365051,-4.0016770362854,-0.356438755989075,4.88938247539402
33.588502444,-5.0985541343689,-2.38248062133789,-0.683099985122681,5.6690469888523
33.593257131,-6.17254638671875,-0.0645589828491211,-0.420198321342468,6.18716925481437
33.598011767,-6.4468731880188,2.32470989227295,-0.301612496376038,6.8598411121248
33.602766454,-6.62303972244263,4.39546680450439,-1.02875232696533,8.01518028149022
33.60752109,-6.80655288696289,5.62678718566895,-1.76398921012878,9.00564013101134
33.612275777,-7.0749979019165,5.64666938781738,-1.92807483673096,9.25515764660289
33.617030413,-7.0990161895752,4.32745170593262,-1.76568841934204,8.49944261238515
33.6217851,-6.48362493515015,2.23950386047363,-1.40566658973694,7.00204744358961
33.626539735,-5.39528608322144,0.339937210083008,-0.841542482376099,5.47109339860376
33.631294423,-4.28168678283691,-1.02701568603516,-0.752658843994141,4.46700103661564
33.636049058,-3.3102879524231,-1.70412445068359,-1.27118563652039,3.93420378143671
33.640803746,-2.38318419456482,-1.8547215461731,-1.58834528923035,3.41209608259828
33.645558381,-1.60313022136688,-1.5128870010376,-1.38387203216553,2.60268234442437
33.650313069,-1.12536299228668,-0.8966064453125,-1.43212199211121,2.03010304725473
33.655067704,-0.827363729476929,-0.276335716247559,-1.81920695304871,2.01752474754308
33.659822392,-0.589177966117859,0.161321640014648,-1.81200003623962,1.912197552197
33.664577027,-0.419802904129028,0.359147071838379,-1.42588806152344,1.52917554960845
33.669331715,-0.437912821769714,0.298351287841797,-1.22783136367798,1.33729240933257
33.674086402,-0.441781878471375,0.156111717224121,-0.928699731826782,1.04020444543152
33.678841038,-0.37106990814209,0.00907516479492188,-0.468839406967163,0.597984635981524
33.683595725,-0.247169017791748,-0.0661792755126953,-0.168334722518921,0.306282220621839
33.68835036,-0.0417013168334961,-0.129436492919922,-0.0720973014831543,0.153918245852171
33.693105048,0.314272284507751,-0.183046340942383,-0.103039503097534,0.378008162531847
33.697859683,0.712937772274017,-0.12667179107666,-0.0555086135864258,0.726228074348476
33.702614371,1.09930872917175,-0.0368480682373047,0.00136470794677734,1.09992696329975
33.707369006,1.40184855461121,0.0530080795288086,-0.00388121604919434,1.40285576250692
33.712123694,1.59430360794067,0.164400100708008,-0.109377861022949,1.6064852641364
33.716878329,1.75530099868774,0.13230037689209,0.0599098205566406,1.76129900139616
33.721633017,1.76597654819489,0.102720260620117,0.329123258590698,1.79931840986012
33.726387652,1.62670111656189,0.0566854476928711,0.292345285415649,1.65373381428469
33.73114234,1.46876811981201,-0.0512723922729492,0.289125919342041,1.49783258250743
33.735896975,1.35179197788239,-0.237781524658203,0.59437620639801,1.49571544074
33.740651663,1.20650386810303,-0.411865234375,0.92596960067749,1.57565994313912
33.745406298,1.05009508132935,-0.482648849487305,1.25045347213745,1.70272824541208
33.750160985,0.949802815914154,-0.454985618591309,1.58691596984863,1.90458383842875
33.754915621,0.929660797119141,-0.371950149536133,1.74423408508301,2.01121074355859
33.759670308,0.989611446857452,-0.276627540588379,1.74643325805664,2.02629779075278
33.764424944,1.12235283851624,-0.197746276855469,1.669997215271,2.02179874941809
33.769179631,1.35890245437622,-0.154459953308105,1.65094745159149,2.14385196447938
33.773934267,1.69209182262421,-0.160984039306641,1.62484216690063,2.35142566636531
33.778688954,2.09801459312439,-0.202836990356445,1.52492940425873,2.60157985954547
33.78344359,2.46662187576294,-0.205816268920898,1.30617129802704,2.79869027838638
33.788198277,2.77850031852722,-0.217787742614746,1.14084351062775,3.01148126951348
33.792952913,3.02839708328247,-0.224445343017578,0.966950178146362,3.18693540145597
33.7977076,3.13731670379639,-0.29988956451416,0.832354664802551,3.25967853305244
33.802462288,3.13890075683594,-0.334047317504883,0.942704796791077,3.29438581612572
33.807216923,2.93803787231445,-0.269455909729004,1.07573449611664,3.14036267532545
33.81197161,2.57081460952759,-0.101417541503906,1.10246682167053,2.79907241191962
33.816726246,2.24040508270264,0.0312366485595703,1.23060190677643,2.55631995567355
33.821480933,1.90851283073425,0.176230430603027,1.37594366073608,2.35938537489483
33.826235569,1.65168380737305,0.297679901123047,1.5119960308075,2.25893884827557
33.830990256,1.48207545280457,0.421957969665527,1.62671494483948,2.24071365589944
33.83574484,1.49295055866241,0.470192909240723,1.74138140678406,2.3414508208382
33.840499579,1.50032317638397,0.511792182922363,1.8964102268219,2.47169428135642
33.845254215,1.56416797637939,0.570751190185547,2.22320914268494,2.77759559179282
33.850008902,1.78977167606354,0.673434257507324,2.39423871040344,3.06417612973179
33.854763538,2.2632737159729,0.858118057250977,2.51477646827698,3.49039757033402
33.859518225,2.94381380081177,1.04111862182617,2.60877895355225,4.06886904520903
33.86427286,3.78828358650208,1.15328598022461,2.64302754402161,4.760961634208
33.869027548,4.64360904693604,1.25696277618408,2.53653597831726,5.43848096170213
33.873782183,5.49339914321899,1.29494380950928,2.68132162094116,6.24850376101608
33.878536871,6.29048347473145,1.19346809387207,3.06269645690918,7.09751069207536
33.883291506,6.97100162506104,0.995942115783691,3.65395307540894,7.93335600057666
33.888046194,7.56418609619141,0.633460998535156,4.22318410873413,8.68639557876252
33.892800829,8.17547130584717,0.22359561920166,4.47200965881348,9.32133018738086
33.897555517,8.84054565429688,-0.128236770629883,4.57565975189209,9.95531789046106
33.902310152,9.49246215820313,-0.292818069458008,4.56805229187012,10.5384857540341
33.907064788,9.940016746521,-0.286846160888672,4.29914951324463,10.8336928227805
33.911819475,10.2597484588623,-0.00999069213867188,3.86506700515747,10.9636344889555
33.916574163,10.3510456085205,0.437182426452637,3.40252089500427,10.9046972495623
33.92132885,10.2063598632813,0.889645576477051,3.05053281784058,10.6895744247966
33.926083485,9.86601638793945,1.15612030029297,2.77297973632813,10.3133074294295
33.930838173,9.38754081726074,1.193772315979,2.49753332138062,9.78716954126886
33.935592808,8.95050525665283,1.23233795166016,2.35505723953247,9.33683542630726
33.940347496,8.45251655578613,1.50602245330811,2.52846574783325,8.95021110330213
33.945102131,7.52831077575684,2.0981559753418,2.20644068717957,8.12072054310949
33.949856819,6.72025585174561,2.89338874816895,2.10125088691711,7.61241042316569
33.954611454,6.20923233032227,3.67131900787354,2.74980926513672,7.7197539069665
33.959366142,5.74848890304565,4.32676887512207,3.7089319229126,8.09458025940594
33.964120777,5.35940837860107,5.00329113006592,4.32569456100464,8.51280293064046
33.968875465,4.92713022232056,5.73886299133301,4.45638465881348,8.778981996126
33.9736301,4.70016002655029,6.53782844543457,4.1603102684021,9.06327129608767
33.978384788,5.10099458694458,7.40704727172852,4.35511445999146,9.99257309311698
33.983139371,6.22728729248047,8.50677680969238,5.65640354156494,11.9640820683426
33.98789411,7.33376407623291,9.72967720031738,7.63895797729492,14.3806951475615
33.992648746,7.90783882141113,11.2458000183105,8.00699043273926,15.9095514917055
33.997403433,8.65373229980469,12.6845207214355,7.28994560241699,16.9978662053626
34.002158069,9.52393531799316,13.7352542877197,6.38047409057617,17.8905842249535
34.006912756,10.3139095306396,14.0615139007568,5.0271782875061,18.1487031085356
34.011667392,10.6069202423096,13.7884407043457,3.26317596435547,17.6996093589187
34.016422079,10.3839836120605,13.0431241989136,2.06161832809448,16.798823609246
34.021176767,9.89933013916016,12.03830909729,1.09994101524353,15.6245797819652
34.025931402,9.13946628570557,11.1184844970703,0.226403951644897,14.3945059049785
34.03068609,8.12157535552979,10.4943504333496,-0.481996774673462,13.2786933907026
34.035440725,6.77610397338867,10.3115472793579,-1.14127111434937,12.391371679885
34.040195413,5.03745079040527,10.5591373443604,-1.63819003105164,11.813338160768
34.044950048,3.29317331314087,10.8882102966309,-1.99098658561707,11.5482527474137
34.049704735,1.76569223403931,11.1622734069824,-1.70524621009827,11.4289930140248
34.054459371,0.329156398773193,11.338249206543,-1.32531785964966,11.4201885463258
34.059214058,-1.00079822540283,11.4114856719971,-1.45221662521362,11.5469708346696
34.063968694,-1.75663948059082,10.9570426940918,-2.16030144691467,11.305285012173
34.068723381,-1.84301900863647,9.92941474914551,-2.69212746620178,10.4516767373002
34.073478017,-2.32722806930542,9.1399564743042,-3.68704342842102,10.1266521655383
34.078232704,-2.48441314697266,8.13167095184326,-3.51719164848328,9.2014682657749
34.08298734,-2.28323745727539,6.86682081222534,-2.61422729492188,7.69419168613774
34.087742027,-2.35887050628662,5.59483242034912,-2.63038921356201,6.61705125354503
34.092496715,-3.08309316635132,4.29192209243774,-3.36199522018433,6.26331147081954
34.09725135,-3.95579099655151,3.09074544906616,-3.13986897468567,5.92112886344444
34.102006038,-4.62793064117432,1.95344305038452,-3.04001498222351,5.87157328684222
34.106760673,-4.73569536209106,1.08593416213989,-2.63372540473938,5.52653354957725
34.11151536,-4.30594205856323,0.571370601654053,-2.45830821990967,4.99108011158043
34.116269996,-3.81174516677856,0.61842679977417,-2.5565173625946,4.63115902862192
34.121024631,-3.71505689620972,1.42365694046021,-2.12822651863098,4.51196131862852
34.125779319,-4.0401816368103,2.5926833152771,-0.951397180557251,4.89389732492496
34.130534006,-4.18722248077393,3.63234424591064,-0.14262866973877,5.54500674136021
34.135288642,-3.98828840255737,3.88814401626587,-0.0538055896759033,5.57018880422182
34.140043329,-3.3469181060791,3.33858108520508,0.0519399642944336,4.72765081527603
34.144797965,-2.55960655212402,2.21281385421753,0.217552661895752,3.39049554133186
34.149552652,-1.6012167930603,0.801446437835693,0.312089443206787,1.81758395450085
34.154307288,-0.636925220489502,-0.601573944091797,0.546454668045044,1.03255878812491
34.159061975,0.0685896873474121,-1.80219960212708,0.548082113265991,1.88494614087499
34.16381661,0.566439151763916,-2.79312658309937,0.331781148910522,2.86923128252843
34.168571298,0.845688343048096,-3.58861112594605,0.174906969070435,3.69105825403238
34.173325933,0.996180057525635,-4.13147449493408,0.0138800144195557,4.2498998651854
34.178080621,1.01705741882324,-4.36544752120972,-0.0900585651397705,4.48326314181696
34.182835308,0.806938648223877,-4.29974842071533,-0.064983606338501,4.37529534232081
34.187589944,0.367012023925781,-4.0829963684082,0.0813312530517578,4.10026486252579
34.192344579,-0.149249076843262,-3.80448913574219,0.38684344291687,3.82701720929586
34.197099267,-0.648675918579102,-3.54664421081543,0.796256065368652,3.69235552555431
34.201853954,-1.23680400848389,-3.48951721191406,1.21456813812256,3.89635602708336
34.20660859,-1.44350481033325,-3.56202745437622,1.37781858444214,4.08290702500306
34.211363277,-1.46564054489136,-4.00557804107666,1.45773136615753,4.50752020360025
34.216117913,-1.36814117431641,-4.66394996643066,1.46636521816254,5.0768559675517
34.2208726,-1.28263473510742,-5.36874675750732,1.41398179531097,5.6980644193814
34.225627235,-1.19971227645874,-5.98769569396973,1.3372186422348,6.2513968812586
34.230381923,-1.19112014770508,-6.45334529876709,1.33911740779877,6.69758674324252
34.235136558,-1.206702709198,-6.8180103302002,1.28330266475678,7.04189335480695
34.239891246,-1.21537637710571,-7.04323101043701,1.10004734992981,7.23148304129214
34.244645881,-1.21954011917114,-7.22220706939697,1.02750372886658,7.39616907380776
34.249400569,-1.19982671737671,-7.31403970718384,1.15046763420105,7.50055576389756
34.254155204,-1.30408382415771,-7.35191822052002,1.27640008926392,7.57499394914062
34.258909892,-1.4840521812439,-7.37351131439209,1.256720662117,7.62564271407432
34.263664527,-1.78488779067993,-7.37097787857056,1.04390001296997,7.65551216763278
34.268419215,-2.1802978515625,-7.40107583999634,0.772428750991821,7.75411300448119
34.27317385,-2.52188873291016,-7.41297054290772,0.461538791656494,7.8437920107178
34.277928538,-2.89556884765625,-7.43241214752197,0.21387767791748,7.97939928461165
34.282683173,-3.28180551528931,-7.40861988067627,0.124679803848267,8.10391516675876
34.28743786,-3.77326512336731,-7.27655410766602,0.112093210220337,8.19745901244946
34.292192548,-4.34086513519287,-7.0645956993103,0.00354266166687012,8.29166057355813
34.296947183,-5.13987064361572,-6.69119262695313,-0.227222681045532,8.44049519583277
34.301701871,-6.00793647766113,-6.22081232070923,-0.563480138778687,8.66667851693468
34.306456506,-6.88108158111572,-5.77509546279907,-1.00731015205383,9.03967284102933
34.311211194,-7.57094240188599,-5.44672298431397,-1.29555606842041,9.41617893027475
34.315965829,-8.78958606719971,-4.54905271530151,-1.930180311203,10.0834666594906
34.320720517,-8.78040885925293,-4.55193567276001,-2.148606300354,10.1208797610936
34.325475152,-9.26619911193848,-4.11502647399902,-2.52465009689331,10.4484327521186
34.33022984,-9.77019786834717,-3.45795202255249,-2.99286127090454,10.7875584431238
34.334984475,-9.8121280670166,-2.93164157867432,-3.70025753974915,10.8887228548539
34.33973911,-9.25154972076416,-2.85801124572754,-4.37129259109497,10.6239163886694
34.344493798,-8.14823246002197,-3.32677316665649,-3.95939254760742,9.65079796032383
34.349248485,-6.99870586395264,-3.95191049575806,-2.66360378265381,8.46724662730308
34.354003121,-6.7123761177063,-4.13513231277466,-1.8204243183136,8.09130750178329
34.358757808,-5.82159471511841,-4.69136142730713,-1.48746144771576,7.62314755381007
34.363512444,-4.5169472694397,-4.61149263381958,-2.63338851928711,6.97161473693033
34.368267131,-3.67986607551575,-4.18102836608887,-3.45651912689209,6.5551458417294
34.373021767,-2.9006175994873,-2.92082262039185,-4.03904485702515,5.76703308429122
34.377776454,-1.73228645324707,-1.63575077056885,-3.65100884437561,4.35962871368983
34.382531142,-0.96349048614502,0.129420280456543,-3.07870531082153,3.22854300215533
34.387285777,-0.558656096458435,1.50789165496826,-2.48796963691711,2.96240219947504
34.392040465,0.0543234348297119,2.69978713989258,-1.794597864151,3.2422805446655
34.3967951,0.282959938049316,3.87627601623535,-1.00460684299469,4.01432646773703
34.401549788,-0.566005110740662,4.81900215148926,-0.396141558885574,4.86827193736329
34.406304423,-2.01275491714478,5.05454158782959,-0.367311060428619,5.45293411244832
34.41105911,-3.3527364730835,4.24631690979004,-1.81908977031708,5.70798885324642
34.415813746,-3.05179715156555,2.25561809539795,-4.86640787124634,6.17115908204598
34.420568433,-0.147870063781738,-0.553013801574707,-3.13687133789063,3.18867552613536
34.425323069,3.30339169502258,-3.90451908111572,3.85305500030518,6.40341305718424
34.430077756,4.61043405532837,-6.8364200592041,7.534264087677,11.1695065579138
34.434832392,4.70160055160523,-9.20165061950684,6.86255216598511,12.4044364685056
34.439587079,5.36669492721558,-10.5485820770264,6.24810695648193,13.3833044804787
34.444341715,6.89031791687012,-10.6456966400146,6.05107688903809,14.0507248732516
34.449096402,7.6863899230957,-9.14130020141602,3.80076837539673,12.5335469706581
34.453851038,6.31944179534912,-6.20800304412842,-0.367787003517151,8.86622319145357
34.458605725,3.83920216560364,-2.87438201904297,-3.98961925506592,6.23847794419167
34.463360413,3.0956871509552,-0.789045333862305,-5.11534690856934,6.03097384097203
34.468115048,2.49678730964661,-0.804676055908203,-5.49213981628418,6.08646450627771
34.472869735,0.901877641677856,-2.28151512145996,-5.86463022232056,6.35708912746742
34.477624371,-0.496859550476074,-4.30305099487305,-6.44202089309692,7.76290863429903
34.482379058,-1.86951577663422,-5.56545257568359,-5.68712377548218,8.1739053364302
34.487133694,-3.76908946037293,-5.41090202331543,-4.28636169433594,7.86490894040635
34.491888381,-5.53880119323731,-4.09691047668457,-3.4774854183197,7.71724685019217
34.496643017,-6.27424907684326,-1.31819915771484,-1.41667294502258,6.56588247921234
34.501397704,-6.62471294403076,4.22263717651367,2.20816993713379,8.16048410246264
34.50615234,-5.6185941696167,13.4203853607178,8.205246925354,16.7033356183443
34.510907027,-2.7558741569519,23.5108432769775,10.8893222808838,26.0563223364409
34.515661663,2.66629409790039,27.3400726318359,5.63890981674194,28.0425747685891
34.52041635,5.50991439819336,25.9182262420654,0.560988128185272,26.503364237211
34.525171038,4.72549676895142,17.1861209869385,-11.1802062988281,21.0402016904642
34.529925673,2.69239711761475,5.74505138397217,-15.3678293228149,16.6260276596243
34.53468036,0.489353775978088,-2.71264982223511,-8.12351322174072,8.57842661797212
34.539434944,-2.47257089614868,-7.13017892837524,1.53414821624756,7.70108233539568
34.544189683,-9.25699138641357,-7.51723194122314,3.20390319824219,12.3476986232248
34.548944319,-18.7237186431885,-5.90706157684326,-4.09991693496704,20.0569273612767
34.553699006,-26.186954498291,-4.66859483718872,-9.73601150512695,28.3256471007699
34.558453642,-31.3326969146729,-4.94321060180664,-8.85296440124512,32.9324794950255
34.563208329,-32.5779533386231,-6.09564352035523,-1.27412235736847,33.1678051948316
34.567962965,-28.4442825317383,-6.98296356201172,5.91991472244263,29.8811709806481
34.572717652,-22.8359451293945,-5.59186410903931,3.32070088386536,23.7439758365524
34.577472288,-16.9250049591064,-3.34321737289429,-3.56721377372742,17.6169778729404
34.582226975,-11.9455709457397,-0.944781303405762,-9.46622657775879,15.2708455087606
34.58698161,-8.48794078826904,1.13789749145508,-12.4662942886353,15.1244319832872
34.591736298,-6.79169321060181,3.4587287902832,-12.8420753479004,14.9334791911604
34.596490933,-5.21999025344849,5.72822761535645,-10.1337966918945,12.7575360180594
34.601245621,-2.82397627830505,6.48216724395752,-7.09550189971924,10.016959688847
34.606000256,-0.433250576257706,5.59852313995361,-7.59570264816284,9.44594442762246
34.610754944,0.553877353668213,4.12544918060303,-9.05427265167236,9.96523779522931
34.615509579,0.409273087978363,2.61982822418213,-8.3969144821167,8.80563326540152
34.620264267,0.265012860298157,0.993599891662598,-6.50871181488037,6.58944626277494
34.625018954,0.798633813858032,-0.661348342895508,-6.15843677520752,6.24512138501058
34.62977359,1.88966715335846,-1.69709777832031,-6.32888269424439,6.8195116377324
34.634528277,2.84864068031311,-1.61049747467041,-5.3822512626648,6.29897487658994
34.639282913,2.41311979293823,-0.462863922119141,-4.49724435806274,5.12470457310438
34.6440376,0.619084239006043,1.12545585632324,-4.19070863723755,4.38314442629209
34.648792235,-1.39871335029602,2.52756404876709,-3.66940021514893,4.67006177644913
34.653546923,-2.84602880477905,3.32527828216553,-2.9866669178009,5.29882391567791
34.658301558,-3.74482703208923,3.5073413848877,-2.33396148681641,5.63671440755645
34.663056246,-4.27367210388184,3.13422012329102,-1.71639811992645,5.57078374547309
34.667810881,-4.71361637115479,2.25914001464844,-1.08659839630127,5.33878160023883
34.672565569,-5.07370281219482,1.22689342498779,-0.420465230941772,5.23684243730732
34.677320152,-5.27544641494751,0.319797515869141,0.299530744552612,5.29361162110244
34.682074892,-5.15735054016113,-0.316314697265625,0.649403691291809,5.20769092171089
34.686829527,-4.50555038452148,-0.664938926696777,0.644857525825501,4.59977926343343
34.691584215,-3.45459794998169,-0.659506797790527,0.647366285324097,3.57607037398929
34.69633885,-2.35326743125916,-0.276508331298828,0.518425226211548,2.42550802420343
34.701093538,-1.42351853847504,0.304411888122559,0.212907671928406,1.47119043763152
34.705848173,-0.612692713737488,0.870278358459473,-0.226102828979492,1.08807135425139
34.71060286,0.0958080291748047,1.32303905487061,-0.56932520866394,1.44351747907239
34.715357496,0.601548135280609,1.57194423675537,-0.680930852890015,1.81563643633452
34.720112183,0.864272058010101,1.59571170806885,-0.53744387626648,1.89264575810196
34.724866819,0.862873792648315,1.42095756530762,-0.322965383529663,1.69351062098905
34.729621506,0.769924879074097,1.11253070831299,-0.120912313461304,1.35835513909405
34.734376194,0.635876834392548,0.720824241638184,0.145348906517029,0.972138488321518
34.739130829,0.64270144701004,0.370279312133789,0.530905485153198,0.912158184279911
34.743885517,0.678440690040588,0.125438690185547,0.772823810577393,1.03598903328828
34.748640152,0.679019570350647,0.0243825912475586,0.945005774497986,1.16391494599462
34.75339484,0.656758010387421,0.00242137908935547,0.990045309066773,1.18807687515996
34.758149475,0.671365559101105,0.0427579879760742,0.910618424415588,1.13215982721877
34.762904163,0.789454996585846,-0.00759601593017578,0.876739263534546,1.17981720080505
34.767658798,1.01532542705536,-0.119811058044434,0.711884737014771,1.24580106407462
34.772413485,1.28650915622711,-0.229294776916504,0.521436929702759,1.40697490220516
34.777168121,1.53833556175232,-0.33368968963623,0.410485982894897,1.62675254776949
34.781922808,1.70881080627441,-0.456923484802246,0.17563533782959,1.77754359004176
34.786677444,1.80756306648254,-0.584632873535156,0.0106256008148193,1.89978755115471
34.791432131,1.84659647941589,-0.766997337341309,0.204487085342407,2.00997971167663
34.796186819,1.77835750579834,-0.903463363647461,0.372471690177918,2.02917141411623
34.800941454,1.63423085212708,-0.862591743469238,0.426353812217712,1.89645790017545
34.805696142,1.54346299171448,-0.740220069885254,0.762716412544251,1.87401709827245
34.810450777,1.50654995441437,-0.41215991973877,1.07508158683777,1.89614582322737
34.815205465,1.52150452136993,-0.017176628112793,1.0767514705658,1.8640452715715
34.8199601,1.59990799427032,0.260503768920898,1.08786773681641,1.9521844217589
34.824714788,1.83950996398926,0.392302513122559,1.23489034175873,2.25003384987582
34.829469423,2.11357402801514,0.35218334197998,1.39355540275574,2.55601739798813
34.83422411,2.43179535865784,0.25993537902832,1.54972386360168,2.89531330274928
34.838978746,2.72753715515137,0.223262786865234,1.68921220302582,3.21601353721986
34.843733433,3.06553649902344,0.113139152526855,1.70701241493225,3.51058483438475
34.848488069,3.30465602874756,0.0204610824584961,1.65104830265045,3.69420229845604
34.853242756,3.50229740142822,-0.0762472152709961,1.65299439430237,3.87353729728817
34.857997392,3.59840822219849,-0.229530334472656,1.62221789360046,3.95383570755619
34.862752079,3.63850879669189,-0.422507286071777,1.53989124298096,3.97347753367217
34.867506715,3.57258319854736,-0.561874389648438,1.45391774177551,3.89781096772731
34.872261402,3.48198413848877,-0.642889022827148,1.43122887611389,3.81915382410571
34.877016038,3.33333206176758,-0.648862838745117,1.51951265335083,3.72035540253957
34.881770725,3.09333777427673,-0.61570930480957,1.72091150283813,3.59296158264975
34.88652536,2.97720384597778,-0.502782821655273,1.80121088027954,3.51580630033765
34.891280048,2.91774535179138,-0.288676261901855,1.83221054077148,3.45739314915154
34.896034683,2.84558153152466,-0.00222396850585938,1.77069818973541,3.35152372477391
34.900789371,2.68437147140503,0.308636665344238,1.74540841579437,3.21676193175899
34.905544006,2.52730751037598,0.521971702575684,1.71311211585999,3.09749751118526
34.910298694,2.45091581344605,0.614028930664063,1.80036544799805,3.10247249764402
34.915053329,2.3430495262146,0.611369132995606,2.09310340881348,3.20073978621519
34.919808017,2.32570171356201,0.542845726013184,2.41183257102966,3.39418713293708
34.924562704,2.31050062179565,0.439669609069824,2.6465106010437,3.54058481749759
34.92931734,2.43373680114746,0.335378646850586,2.86162686347961,3.77153310469509
34.934072027,2.69282650947571,0.256314277648926,2.89951300621033,3.9653735375428
34.938826663,3.13552093505859,0.245528221130371,2.83916521072388,4.23705496015179
34.94358135,3.71653723716736,0.326957702636719,2.73075342178345,4.62347970960694
34.948335985,4.40217304229736,0.526828765869141,2.59826493263245,5.13883806935229
34.953090673,5.00608158111572,0.73997688293457,2.16693186759949,5.50490801947515
34.957845308,5.49452018737793,0.894750595092773,1.7361478805542,5.83134119907893
34.962599996,5.88895750045776,1.08699417114258,1.99466931819916,6.31190006727458
34.967354631,6.12732124328613,1.19033432006836,2.3928656578064,6.68481618806885
34.972109319,6.17153024673462,1.25282573699951,2.29993772506714,6.70425771080107
34.976863954,6.2055196762085,1.21463775634766,2.27765345573425,6.72097646145069
34.981618642,6.41552639007568,1.14514446258545,2.30895185470581,6.91386963785817
34.986373277,6.67280292510986,1.08763790130615,2.27652740478516,7.13385114131562
34.991127965,6.96378135681152,1.22641372680664,2.39989995956421,7.46711866992161
34.995882548,7.15305233001709,1.64038562774658,2.52538180351257,7.76109373073106
35.000637288,7.12401103973389,2.20036888122559,2.54027605056763,7.87693842306792
35.005391923,6.99381542205811,2.80105113983154,2.59260725975037,7.9674935863846
35.01014661,6.87914562225342,3.41846561431885,2.75409841537476,8.16049077752181
35.014901246,6.93516397476196,4.0334997177124,3.44731140136719,8.7321002758568
35.019655933,6.85362052917481,4.66537952423096,4.22899436950684,9.30710877987145
35.024410569,6.59663200378418,5.23532104492188,4.69942903518677,9.64410563471326
35.029165256,6.48674726486206,5.73136520385742,5.1190128326416,10.0563775565028
35.033919944,6.69083881378174,6.19893074035645,5.51840782165527,10.6605295948114
35.038674579,7.18961811065674,6.762451171875,5.31167507171631,11.2087129723519
35.043429215,7.90632343292236,7.46974039077759,5.84217119216919,12.346575880389
35.048183902,8.62168693542481,8.54779815673828,6.79201126098633,13.911497256233
35.05293859,9.02256774902344,9.94118690490723,6.97001075744629,15.1266313441868
35.057693225,9.04021263122559,11.3523406982422,6.52367258071899,15.9109832407416
35.062447913,8.90426158905029,12.3283863067627,5.906418800354,16.3144342966646
35.067202548,8.60829639434815,12.7543354034424,5.06227207183838,16.1988406043694
35.071957235,8.54611015319824,12.6785984039307,4.07647228240967,15.8240476019255
35.076711871,8.74680995941162,12.2244558334351,3.12451982498169,15.3527401145975
35.081466558,9.05118560791016,11.5750827789307,1.76236581802368,14.7990687384198
35.086221194,9.09202289581299,10.9778709411621,0.717511653900147,14.2721180527727
35.090975881,8.52790451049805,10.444881439209,0.0877234935760498,13.48437610832
35.095730517,7.25796413421631,9.9344367980957,-1.07622313499451,12.3502766813228
35.100485204,5.72306632995606,9.40431785583496,-2.63676619529724,11.3202128301245
35.10523984,4.42087650299072,8.95822906494141,-3.49747538566589,10.5842501438692
35.109994527,3.30924105644226,8.71963119506836,-3.81023144721985,10.0747659143543
35.114749163,2.27727746963501,8.62100887298584,-3.80571794509888,9.6949097850086
35.119503798,1.22384071350098,8.63574981689453,-4.04366207122803,9.61380070202751
35.124258485,0.291071891784668,8.92326164245606,-4.39683532714844,9.95195870570086
35.129013173,0.11110258102417,8.88218498229981,-5.10355281829834,10.2445988312117
35.133767808,0.468891620635986,8.25585842132568,-5.45322036743164,9.90538590871896
35.138522496,-0.280224800109863,7.91108274459839,-5.84336090087891,9.83913729695848
35.143277131,-1.27912044525146,7.28315353393555,-5.47621440887451,9.20159762021264
35.148031819,-2.20754241943359,6.34409236907959,-4.56035423278809,8.11896435818762
35.152786454,-3.01079511642456,5.27548456192017,-3.41342043876648,6.96757229513499
35.157541142,-3.71337270736694,4.05329418182373,-3.1883716583252,6.35484416959497
35.162295777,-4.22915077209473,2.66829776763916,-3.25500917434692,5.96662500539293
35.167050465,-4.53876876831055,1.40461301803589,-2.54648303985596,5.39054130258745
35.1718051,-4.58640432357788,0.380000591278076,-1.72198343276978,4.91372893141646
35.176559788,-4.49925136566162,-0.280869960784912,-1.53594398498535,4.76248619014186
35.181314423,-4.26057624816895,-0.650302410125732,-2.22120571136475,4.84862434132364
35.18606911,-3.96188449859619,-0.57492208480835,-2.94799494743347,4.97169371481294
35.190823798,-3.70283079147339,0.0942835807800293,-2.59191107749939,4.52082385163946
35.195578433,-3.78970956802368,1.15288019180298,-1.04613161087036,4.09700167120836
35.200333069,-3.90860223770142,2.1325101852417,0.986980438232422,4.56058127086642
35.205087756,-3.62752103805542,2.54667234420776,2.0011568069458,4.86303171656045
35.209842392,-3.00737762451172,2.152024269104,2.23618412017822,4.32157934678557
35.214597079,-2.16772985458374,1.19940757751465,2.11580371856689,3.25795282884125
35.219351767,-1.32774209976196,-0.097198486328125,1.84962821006775,2.27891885434809
35.224106402,-0.454764366149902,-1.45337200164795,1.40681052207947,2.07321408661223
35.22886109,0.446240425109863,-2.70857095718384,1.12218177318573,2.96559927825259
35.233615725,1.2230372428894,-3.81943583488464,1.0154150724411,4.13702525537808
35.238370413,1.8149938583374,-4.73319101333618,0.911148190498352,5.15048453056383
35.243125048,2.12571096420288,-5.38332557678223,0.786282062530518,5.84098286684932
35.247879735,1.98703718185425,-5.60381698608398,0.626274585723877,5.97857018293825
35.252634371,1.65574741363525,-5.60042858123779,0.489657878875732,5.86055156360304
35.257389058,1.19196844100952,-5.44332408905029,0.538929462432861,5.59830428507383
35.262143694,0.729520797729492,-5.3080530166626,0.864508271217346,5.42724626058409
35.266898381,0.107987403869629,-4.95638370513916,1.22989654541016,5.10784164049507
35.271653017,-0.0564794540405273,-4.73807716369629,1.36856961250305,4.93209366518274
35.276407704,-0.309598445892334,-4.84181594848633,1.50472366809845,5.07968760791952
35.28116234,-0.391092300415039,-5.25742626190186,1.57128489017487,5.50112900165694
35.285917027,-0.389647006988525,-5.80951881408691,1.70224094390869,6.06629688297598
35.290671663,-0.458219051361084,-6.16277599334717,1.87351012229919,6.45753922338564
35.29542635,-0.692379474639893,-6.31709432601929,1.80507099628448,6.60631147936238
35.300180985,-0.910811901092529,-6.45434284210205,1.53734731674194,6.69713047617108
35.304935673,-0.960969924926758,-6.57452392578125,1.28001046180725,6.76655413261579
35.309690308,-0.916995525360107,-6.69882678985596,1.1847972869873,6.86432121664443
35.314444996,-0.943383693695068,-6.76698398590088,1.17130994796753,6.93210011851938
35.319199631,-1.147141456604,-6.80951595306397,1.10000538825989,6.99252836180827
35.323954319,-1.47277975082397,-6.79955339431763,0.989598512649536,7.02725492442473
35.328708954,-1.89348840713501,-6.8272819519043,0.844632506370544,7.13515811104215
35.333463642,-2.41365814208984,-6.85380458831787,0.817915081977844,7.31227516188023
35.338218277,-2.93949365615845,-6.83063983917236,0.796824812889099,7.47884973438564
35.342972965,-3.65214681625366,-6.7046537399292,0.604367017745972,7.65870861385635
35.3477276,-4.45077419281006,-6.55681228637695,0.223645210266113,7.92787458618278
35.352482288,-5.33293056488037,-6.32952213287354,-0.204505205154419,8.27917998471506
35.357236923,-6.31282997131348,-5.92712259292603,-0.375052452087402,8.66736804457412
35.36199161,-7.46698760986328,-5.3257794380188,-0.270082235336304,9.17566210156629
35.366746246,-8.65210342407227,-4.67840719223023,-0.143856048583984,9.83702607904791
35.371500933,-9.73689651489258,-4.12799119949341,0.115570783615112,10.5764276431528
35.376255569,-9.75785732269287,-4.27338314056397,0.331219792366028,10.6577337903957
35.381010256,-9.42599105834961,-4.66810083389282,0.459905028343201,10.5286269504895
35.385764892,-9.64888668060303,-4.82563257217407,-0.313199043273926,10.7928604891129
35.390519579,-10.0952062606812,-5.12809991836548,-1.6395754814148,11.441101606825
35.395274215,-10.387375831604,-5.45310592651367,-2.88600301742554,12.0815129155813
35.400028902,-10.2995252609253,-5.59236907958984,-3.41449689865112,12.2071127460055
35.404783538,-9.15957450866699,-6.08572196960449,-3.10567307472229,11.427117848268
35.409538225,-7.41555881500244,-6.25346851348877,-2.597412109375,10.0420580885535
35.41429286,-5.12904453277588,-6.07884502410889,-2.63949322700501,8.3801180863838
35.419047548,-3.22840142250061,-5.66501760482788,-3.10522651672363,7.22201024147553
35.423802183,-1.70412385463715,-5.01986122131348,-2.92819976806641,6.05618680977514
35.428556871,-0.580393075942993,-3.48230504989624,-3.02901744842529,4.65169337833012
35.433311506,0.244964182376862,-1.55599021911621,-3.35958814620972,3.71051822860173
35.438066194,0.534961104393005,0.404006958007813,-3.58177328109741,3.64396828231468
35.442820829,0.437767744064331,2.22214508056641,-3.58553028106689,4.24094290851413
35.447575517,0.178020715713501,3.64655590057373,-3.54517865180969,5.0889441915273
35.452330152,-0.17755126953125,4.70999813079834,-3.49062848091126,5.86515933604406
35.45708484,-0.235667109489441,5.33533573150635,-3.37917876243591,6.31982558801122
35.461839475,-0.746754050254822,4.92717456817627,-2.69656085968018,5.66622725513318
35.466594163,-0.805440545082092,3.85174369812012,-1.58515954017639,4.24233364499805
35.471348798,-0.788401007652283,2.74970436096191,-0.810222506523132,2.97303056352213
35.476103433,-1.23632526397705,1.45076942443848,-0.417098104953766,1.95120550183457
35.480858121,-1.62751126289368,0.138362884521484,-0.0459857881069183,1.63402934226001
35.485612808,-1.39660465717316,-1.60206890106201,0.71044397354126,2.2409506848052
35.490367444,-1.43767881393433,-3.19807291030884,1.96769380569458,4.02074739627543
35.495122131,-1.62194073200226,-4.19719743728638,3.50501322746277,5.7037071971114
35.499876767,-2.54420256614685,-4.42895936965942,4.39470863342285,6.7381089163328
35.504631454,-3.53643941879272,-4.02816438674927,4.50741100311279,7.00351811880632
35.50938609,-3.92500972747803,-3.09551191329956,3.46441602706909,6.08194654488099
35.514140777,-3.11994433403015,-1.56670236587524,2.04568839073181,4.04641198380254
35.518895413,-0.844077825546265,-0.921258926391602,0.369355201721191,1.30292311748377
35.5236501,0.643209457397461,-1.61749458312988,-1.04480409622192,2.03017800500896
35.528404735,0.394917011260986,-2.7685284614563,-1.84892523288727,3.35249665241953
35.533159423,-0.58696436882019,-3.49428176879883,-2.10786581039429,4.12281827451241
35.537914058,-1.60289931297302,-3.39456272125244,-2.04299736022949,4.27389523619272
35.542668746,-1.79913902282715,-3.1306734085083,-1.12839531898499,3.78302699040169
35.547423381,-2.46322846412659,-2.63292407989502,-1.56533586978912,3.93065644164215
35.552178069,-2.55368518829346,-1.19112968444824,-2.4384183883667,3.72638996923403
35.556932704,-2.53920221328735,2.54296588897705,-0.44530177116394,3.62112096730639
35.561687392,-2.73910784721375,8.87766838073731,4.25456953048706,10.2184670849771
35.566442027,-1.35180354118347,16.3384094238281,10.9651117324829,19.7232013278886
35.571196715,1.03134071826935,21.927770614624,12.9283828735352,25.4761431839564
35.57595135,3.73525214195251,21.9128017425537,8.14027404785156,23.6724956509987
35.580706038,4.02832508087158,16.614128112793,-1.04252564907074,17.1272740281239
35.585460673,3.77208185195923,8.01727390289307,-8.1129207611084,12.013524279241
35.59021536,3.60840940475464,0.415507316589355,-9.01943874359131,9.72335024628122
35.594969996,2.73923444747925,-4.70080709457398,-7.12625455856323,8.96574016643898
35.599724683,0.319611549377441,-7.03977727890015,-2.62227153778076,7.51910391581798
35.604479319,-5.06159353256226,-6.9807071685791,0.376678198575974,8.63086832987331
35.609234006,-12.7214937210083,-5.14117622375488,-3.14733123779297,14.0774212616425
35.613988642,-19.7861785888672,-2.60716867446899,-11.2140712738037,22.8920419836595
35.618743329,-23.1950340270996,-0.75609302520752,-10.6894998550415,25.5508647081074
35.623497965,-21.5204029083252,-0.643746376037598,-0.601009726524353,21.5384159915415
35.628252652,-17.2232284545898,-1.61582088470459,4.83962345123291,17.9630852216473
35.633007288,-14.218635559082,-1.86972618103027,1.52043461799622,14.4214144445551
35.637761975,-12.6446075439453,-1.05601978302002,-4.17098665237427,13.356586666391
35.64251661,-11.3934869766235,0.247145652770996,-7.88304996490479,13.8569514399582
35.647271298,-10.0302362442017,1.68732738494873,-6.93935966491699,12.3128967094495
35.652025933,-8.28178310394287,2.81279754638672,-3.11765956878662,9.28544897162003
35.656780621,-6.01037645339966,3.20627403259277,-1.33073365688324,6.94086956722439
35.661535256,-3.39406490325928,2.84976959228516,-3.27387237548828,5.509909584343
35.666289892,-0.874560952186585,2.06401443481445,-6.10114002227783,6.49991707775201
35.671044579,0.982597589492798,1.38663959503174,-6.69888782501221,6.91110450517742
35.675799215,1.75147676467896,0.788800239562988,-5.43915891647339,5.76839027752083
35.680553902,1.35647916793823,0.311334609985352,-4.22543144226074,4.4487341846497
35.685308538,0.169094651937485,0.150176048278809,-3.41967391967773,3.42714393682474
35.690063225,-1.31684398651123,0.484044075012207,-2.61113548278809,2.96418711636769
35.69481786,-2.49789881706238,0.970515251159668,-1.77870798110962,3.21639556570366
35.699572548,-3.31457185745239,1.46124839782715,-1.33546423912048,3.86071213797888
35.704327183,-3.938307762146,1.94186401367188,-1.43158721923828,4.6185003890072
35.709081871,-4.06003570556641,2.22585582733154,-1.46993100643158,4.85788238414732
35.713836506,-3.64853930473328,2.0481014251709,-1.39882957935333,4.41172105850364
35.718591194,-2.88091850280762,1.60501766204834,-1.33857178688049,3.55914983443221
35.723345829,-2.02995443344116,1.02602291107178,-1.22657072544098,2.58416596997957
35.728100517,-1.25644493103027,0.490592956542969,-1.46588718891144,1.99202423788867
35.732855152,-0.396267086267471,0.134944915771484,-2.07442808151245,2.11624422015015
35.73760984,0.645549774169922,-0.0745916366577148,-2.59260988235474,2.672812081923
35.742364475,1.59654366970062,-0.0211429595947266,-3.00395107269287,3.40192897649763
35.747119163,2.06770825386047,0.218473434448242,-3.35173940658569,3.9442749795497
35.751873798,2.13141441345215,0.433734893798828,-3.47355699539185,4.09837181819877
35.756628485,1.90510821342468,0.562542915344238,-3.18315625190735,3.75211614432696
35.761383121,1.47488355636597,0.605037689208984,-2.67423248291016,3.11333767568728
35.766137808,0.902898073196411,0.527857780456543,-2.2289719581604,2.46214840276449
35.770892444,0.366048276424408,0.300054550170898,-1.82110035419464,1.88160319243973
35.775647079,-0.128390848636627,0.0652036666870117,-1.4266003370285,1.43384945157185
35.780401767,-0.544283449649811,-0.109737396240234,-1.03335058689117,1.17307297519149
35.785156402,-0.859854996204376,-0.234354972839355,-0.598173022270203,1.07335168158625
35.78991109,-1.07942581176758,-0.279980659484863,-0.238106489181519,1.14028240054209
35.794665725,-1.26483941078186,-0.25627613067627,-0.0584357976913452,1.29186335681187
35.799420777,-1.33715415000916,-0.206334114074707,0.0365996360778809,1.35347497977566
35.804175048,-1.25633764266968,-0.156492233276367,0.0256935358047485,1.26630732811856
35.808929735,-0.951319754123688,-0.0900201797485352,-0.0716733932495117,0.958253610819083
35.813684371,-0.468045711517334,-0.0547399520874023,-0.0450118780136108,0.47338073427909
35.818439058,-0.0526965260505676,-0.0195093154907227,0.112886667251587,0.126098917092437
35.823193694,0.197055518627167,-0.0607728958129883,0.15576434135437,0.258431329997891
35.827948381,0.398548722267151,-0.168861389160156,0.0981744527816773,0.443839470922605
35.832703017,0.74311751127243,-0.252860069274902,0.0980837345123291,0.791064010791367
35.837457704,1.11380386352539,-0.226758003234863,0.0836408138275147,1.13972541613008
35.84221234,1.47049486637115,-0.112149238586426,0.0858865976333618,1.47726406285148
35.846967027,1.78694367408752,-0.0548696517944336,0.0954359769821167,1.79033136562816
35.851721663,2.03216481208801,-0.0404996871948242,0.0836259126663208,2.03428791999089
35.85647635,2.229975938797,-0.0427484512329102,0.15301513671875,2.23562826734711
35.861230985,2.26083445549011,-0.0735406875610352,0.344191908836365,2.28806659386624
35.865985621,2.14860248565674,-0.147148132324219,0.358659625053406,2.18329611845491
35.870740308,2.01986980438232,-0.20850658416748,0.244881391525269,2.04531560357125
35.875494944,2.02024960517883,-0.248096466064453,0.275429606437683,2.05397706700959
35.880249631,2.00895071029663,-0.234844207763672,0.311468601226807,2.04647195140116
35.885004267,1.87650001049042,-0.0851879119873047,0.34541916847229,1.90992766137029
35.889758954,1.6712212562561,0.105133056640625,0.436769485473633,1.73054934353278
35.89451359,1.42669332027435,0.290667533874512,0.501730799674988,1.54002442860711
35.899268277,1.25987780094147,0.433185577392578,0.595362842082977,1.45924594619933
35.904022913,1.16800653934479,0.470590591430664,0.703352928161621,1.44235922094629
35.9087776,1.13412654399872,0.448403358459473,0.732462584972382,1.42260677211401
35.913532235,1.23215544223785,0.373846054077148,0.787857055664063,1.50953192948843
35.918286923,1.34749758243561,0.287636756896973,0.831169962882996,1.60913894545715
35.923041558,1.40623843669891,0.244807243347168,0.833890020847321,1.65312119764807
35.927796142,1.40122282505035,0.216656684875488,0.793850481510162,1.62498126498038
35.932550881,1.48053503036499,0.148208618164063,0.761385202407837,1.67142370363759
35.937305569,1.60590636730194,0.118377685546875,0.834388732910156,1.81360224266066
35.942060204,1.67235541343689,0.0435066223144531,1.03173935413361,1.96549015512796
35.94681484,1.64896202087402,-0.0571918487548828,1.0976893901825,1.9817337488089
35.951569527,1.76286447048187,-0.0832929611206055,1.29057097434998,2.18636737500682
35.956324163,2.06174111366272,-0.0945968627929688,1.43821656703949,2.51558976781277
35.96107885,2.4331750869751,-0.0982341766357422,1.44523787498474,2.8317315325832
35.965833485,2.80798673629761,-0.127623558044434,1.38822364807129,3.13500274016715
35.970588173,3.15753316879272,-0.158825874328613,1.45116925239563,3.47866836152585
35.975342808,3.46074962615967,-0.134380340576172,1.5503191947937,3.79451388937285
35.980097496,3.67023658752441,-0.0279254913330078,1.4230934381485,3.93657355769842
35.984852131,3.81233263015747,0.148479461669922,1.3945906162262,4.06211880923827
35.989606819,3.93208646774292,0.308670043945313,1.36193609237671,4.17270309338617
35.994361454,3.97448348999023,0.416865348815918,1.27515959739685,4.19479769834991
35.99911609,3.98749566078186,0.475598335266113,1.42840528488159,4.26223615947541
36.003870777,3.9165096282959,0.55905818939209,1.41961276531219,4.20320046287328
36.008625413,3.85256004333496,0.640944480895996,1.30359065532684,4.1173264762158
36.0133801,3.82911086082459,0.659139633178711,1.43631017208099,4.14240774802953
36.018134735,3.84369993209839,0.508647918701172,1.67900502681732,4.22514020516361
36.022889423,3.89877700805664,0.149143218994141,1.9360066652298,4.35555136189865
36.027644058,3.98016333580017,-0.337798118591309,1.95854926109314,4.44878893146216
36.032398746,4.16898822784424,-0.822940826416016,2.05759072303772,4.72137416767799
36.037153381,4.51289367675781,-1.1484203338623,2.05913352966309,5.0916705995117
36.041908069,4.95670700073242,-1.30233287811279,2.20040678977966,5.57734751087215
36.046662652,5.21112537384033,-1.41619873046875,2.00129199028015,5.75904646069324
36.051417392,5.30489349365234,-1.48283576965332,1.48155832290649,5.70400841189175
36.056172027,5.40525197982788,-1.41392612457275,0.923334658145905,5.6629041085044
36.060926663,5.37875413894653,-1.14260482788086,0.546142101287842,5.52583143741557
36.06568135,5.13976860046387,-0.482625007629395,0.282579660415649,5.17010632664205
36.070435985,4.86296892166138,0.43895435333252,0.0464059114456177,4.88296028715892
36.075190673,4.56009435653687,1.34216594696045,-0.162751078605652,4.75629665635849
36.079945308,4.17094993591309,2.11693000793457,-0.0108412504196167,4.67742809234925
36.084699996,3.70702838897705,2.5863618850708,0.400914907455444,4.53784751178891
36.089454631,3.39757466316223,2.75794506072998,0.794887661933899,4.44765342004765
36.094209319,3.22092223167419,2.76583862304688,1.12765264511108,4.39269891971404
36.098963954,3.23691296577454,2.820556640625,1.48945283889771,4.54440480924329
36.10371859,3.44558358192444,2.93408966064453,1.62664175033569,4.80904270522352
36.108473277,3.78956127166748,3.28090286254883,1.52011072635651,5.2379227605595
36.113227913,4.34061241149902,3.8585033416748,1.72935950756073,6.05967395583011
36.1179826,4.88845157623291,4.59514141082764,2.13463401794434,7.04052169865573
36.122737235,5.22747230529785,5.36889934539795,2.39924335479736,7.86815833338462
36.127491923,5.4576563835144,6.00525665283203,2.77270698547363,8.57537315189218
36.132246558,5.82935571670532,6.41108989715576,3.34883904457092,9.28968162467048
36.137001246,6.42344856262207,6.58915615081787,4.22111463546753,10.1240050860453
36.141755881,7.02978992462158,6.72160911560059,4.92072296142578,10.9000683461315
36.146510517,7.53655862808228,7.03569602966309,4.98589897155762,11.4525072857832
36.151265204,8.08259868621826,7.58850765228272,5.04023504257202,12.1785803440131
36.15601984,8.88980960845947,8.20994186401367,5.76440763473511,13.4037403609789
36.160774527,9.74244689941406,8.81370449066162,6.53129243850708,14.6715520431177
36.165529163,10.2671728134155,9.12013912200928,6.30196475982666,15.1098158499513
36.17028385,10.3992233276367,8.96692562103272,4.9087061882019,14.5823522572076
36.175038485,10.0409889221191,8.37619113922119,3.02004671096802,13.4202354178798
36.179793173,9.40630626678467,7.54735898971558,1.29896795749664,12.1296555210276
36.184547808,8.39349555969238,7.06945466995239,-0.244053840637207,10.9766807058517
36.189302496,7.35894823074341,6.94952774047852,-1.74206244945526,10.2705811158008
36.194057131,6.39066457748413,6.96944284439087,-3.52285861968994,10.0908007688917
36.198811767,5.44043636322022,7.31276321411133,-4.03830099105835,9.9690886515414
36.203566454,4.15141201019287,7.96142292022705,-3.59282922744751,9.6709305886606
36.20832109,2.43416857719421,8.70765113830566,-3.25877404212952,9.61082583685152
36.213075777,0.776506900787354,9.34311199188232,-3.14042520523071,9.88731384803143
36.217830413,-0.678495407104492,9.83697700500488,-3.42771983146668,10.4391444025594
36.2225851,-1.68975639343262,10.0850372314453,-4.23365545272827,11.0673886315246
36.227339735,-2.11863422393799,9.98369407653809,-5.59192514419556,11.6375420603764
36.232094371,-1.59584617614746,9.38486194610596,-6.90465497970581,11.7599582972972
36.236849058,-0.434158325195313,8.19657421112061,-7.69954204559326,11.2541223541244
36.241603694,0.65170431137085,6.69578790664673,-7.94485998153687,10.4105280522403
36.246358381,1.13408756256104,5.22090291976929,-7.64577579498291,9.32747926314273
36.251113017,0.993700504302979,3.90841770172119,-6.62685680389404,7.75747386219872
36.255867704,0.283839225769043,2.61883926391602,-5.47133255004883,6.07242650589838
36.26062234,-0.96471118927002,1.31763124465942,-4.53280830383301,4.81800486663339
36.265376975,-2.32037973403931,0.00410556793212891,-3.81698799133301,4.4669426112061
36.270131663,-3.14375114440918,-1.22827529907227,-3.12238693237305,4.59794863213358
36.274886298,-3.34163331985474,-2.14182567596436,-2.56608629226685,4.72638649815516
36.279640985,-3.18035650253296,-2.7542405128479,-2.28485107421875,4.78759362489914
36.284395621,-2.76555299758911,-3.03990316390991,-2.37245798110962,4.74529783054282
36.289150308,-2.26288223266602,-2.91873049736023,-2.24657869338989,4.32281615856257
36.293904944,-1.66661071777344,-2.26889896392822,-1.29798007011414,3.10003968612103
36.298659631,-1.00355672836304,-1.43417882919312,0.359008431434631,1.78686375389665
36.303414267,-0.253963947296143,-0.634747982025147,2.06607341766357,2.17624953863
36.308168902,0.235589981079102,-0.155216693878174,2.83781480789185,2.85180429642947
36.31292359,0.486172676086426,-0.0624761581420898,2.24698424339294,2.29982723946069
36.317678225,1.15188646316528,-0.676245212554932,0.621662974357605,1.47330067033652
36.322432913,1.7450590133667,-1.68338680267334,-1.31520736217499,2.75840397568348
36.327187548,2.37952327728272,-2.90352511405945,-2.23602676391602,4.36948564525082
36.331942235,3.12968397140503,-4.07156181335449,-2.17496109008789,5.57700574719377
36.336696871,4.06863307952881,-5.12266540527344,-1.98521018028259,6.83641246927941
36.341451506,4.81626224517822,-6.01333808898926,-1.77377462387085,7.90587714318319
36.346206194,4.85432243347168,-6.42128753662109,-1.41853702068329,8.17371562969503
36.350960829,4.28056049346924,-6.28410196304321,-1.07310378551483,7.6788467463975
36.355715517,3.42335271835327,-5.87990856170654,-0.59495210647583,6.82983429793774
36.360470152,2.38320064544678,-5.23366689682007,-0.518008947372437,5.77401487466789
36.36522484,1.26734590530396,-4.4995174407959,-0.505223751068115,4.70181601962056
36.369979475,0.302327632904053,-3.96511483192444,-0.482201337814331,4.00575283288354
36.37473411,-0.426115989685059,-3.70692801475525,-0.295294284820557,3.74300532432032
36.379488798,-0.948863029479981,-3.69333219528198,0.163581013679504,3.81677907422695
36.384243433,-1.43986701965332,-3.83514595031738,0.713577628135681,4.15821530538005
36.388998121,-1.93463802337646,-3.98382472991943,1.09080028533936,4.56108857869567
36.393752756,-2.27563953399658,-4.16591501235962,1.41639089584351,4.95374064205221
36.398507444,-2.4441442489624,-4.386390209198,1.66323602199554,5.28967052300496
36.403262079,-2.4167308807373,-4.59278154373169,1.7974089384079,5.49225903888558
36.408016715,-2.27511596679688,-4.7946629524231,1.92864775657654,5.64664747072636
36.412771402,-2.19877767562866,-4.95597171783447,1.94466459751129,5.76003466409985
36.417526038,-2.10404062271118,-5.12175512313843,1.78860139846802,5.81880206279741
36.422280725,-2.07210683822632,-5.22218942642212,1.63077688217163,5.85015575808753
36.42703536,-2.00950050354004,-5.25675678253174,1.47880172729492,5.81880045138786
36.431790048,-1.98528385162354,-5.20109272003174,1.45949709415436,5.75524536590138
36.436544683,-2.07311964035034,-5.0451774597168,1.47728800773621,5.65101942140018
36.441299319,-2.41371870040894,-4.8101806640625,1.38668322563171,5.5575863784446
36.446054006,-2.75619316101074,-4.69668197631836,1.31015849113464,5.60106575567261
36.450808642,-3.19387578964233,-4.54169416427612,1.09037530422211,5.65833427304721
36.455563277,-3.80796122550964,-4.32819271087647,0.809046030044556,5.821372373951
36.460317965,-4.33557653427124,-4.11098623275757,0.61203134059906,6.00599817285363
36.4650726,-4.64797830581665,-3.91855669021606,0.460757732391357,6.09680953890949
36.469827288,-4.92458343505859,-3.77205991744995,0.199603199958801,6.20643210444776
36.474581923,-5.13907146453857,-3.70934247970581,0.0387428998947144,6.33804213946838
36.47933661,-5.37755966186523,-3.6104006767273,-0.239115118980408,6.4815366236378
36.484091246,-5.86248207092285,-3.38167476654053,-0.90087616443634,6.82759094572883
36.488845881,-6.42196750640869,-2.90826177597046,-1.80678296089172,7.27764507781938
36.493600569,-6.48985767364502,-2.93324184417725,-2.29660987854004,7.48308607960707
36.498355204,-6.38086700439453,-2.97265338897705,-2.16807842254639,7.36564294173148
36.503109892,-6.0500636100769,-2.92065382003784,-1.84529173374176,6.9669641885899
36.507864527,-5.5723443031311,-2.94652032852173,-1.45762050151825,6.46974965554895
36.512619215,-5.48175430297852,-2.90891790390015,-0.964738965034485,6.28029894833917
36.51737385,-5.92594051361084,-2.800705909729,-0.665084362030029,6.58810001231479
36.522128538,-6.46122789382935,-2.47858762741089,-0.70526909828186,6.95616755288025
36.526883173,-6.79493379592896,-1.89249134063721,-0.516832947731018,7.07246527466234
36.531637808,-6.61200523376465,-1.08549976348877,-0.265989065170288,6.70579399703387
36.536392496,-6.20857524871826,-0.079157829284668,-0.341239750385284,6.21844973833327
36.541147131,-5.68888330459595,0.607773780822754,-0.503307402133942,5.74335272841647
36.545901819,-5.08305406570435,0.891955375671387,-0.334483623504639,5.17154738172777
36.550656402,-4.55248165130615,1.05097389221191,-0.0475748181343079,4.67246173562832
36.55541109,-4.26565170288086,1.14694309234619,-0.138688683509827,4.41933224122205
36.560165777,-4.13317966461182,1.13428497314453,-0.386178016662598,4.30336031501147
36.564920413,-3.97994995117188,0.919589996337891,-0.753218650817871,4.15367135328948
36.5696751,-3.68109345436096,0.564772605895996,-0.991471290588379,3.85388536884151
36.574429735,-3.2740695476532,0.176987648010254,-0.767240881919861,3.36741957607118
36.579184371,-2.66956663131714,-0.122444152832031,-0.202666684985161,2.68004708070727
36.583939058,-2.0290355682373,-0.23875617980957,0.318394839763641,2.06769560732654
36.588693694,-1.470867395401,-0.215982437133789,0.501335978507996,1.56889676886357
36.593448381,-1.10641586780548,-0.0527477264404297,0.268891125917435,1.1398424596292
36.598203017,-1.13593685626984,0.202243804931641,-0.275340527296066,1.18619876244966
36.602957652,-1.45662450790405,0.45515251159668,-0.842490136623383,1.74318914525853
36.60771234,-1.93000650405884,0.645803451538086,-1.79453814029694,2.71336586930482
36.612466975,-1.88886070251465,0.391324043273926,-2.47303009033203,3.13636845540125
36.617221663,-1.18387079238892,-0.335101127624512,-1.52160573005676,1.95681547841087
36.621976298,-0.160491943359375,-1.29751491546631,0.553281545639038,1.41965597539881
36.626730933,0.76867151260376,-2.40109014511108,2.6818482875824,3.68081512940364
36.631485621,1.28388667106628,-3.50778436660767,3.61613392829895,5.19897496956406
36.636240256,1.4646430015564,-4.39823579788208,3.21055150032043,5.6389093087218
36.640994944,1.72957682609558,-4.85554218292236,2.07660746574402,5.5569797961023
36.645749579,2.70915722846985,-4.80619430541992,1.84461915493011,5.81735819911035
36.650504267,4.29390239715576,-4.44640398025513,1.95467555522919,6.48296711993352
36.655258902,5.00815725326538,-3.52306842803955,0.455483794212341,6.1401234278208
36.660013538,4.46904373168945,-1.38488674163818,0.109388694167137,4.67998173600385
36.664768225,4.67044544219971,0.636823654174805,2.67283344268799,5.41873081149377
36.66952286,4.79507398605347,1.11721801757813,-0.0973161160945892,4.92446759122036
36.674277496,4.22802448272705,0.82912540435791,0.514039993286133,4.3391101711513
36.679032183,3.87880539894104,0.0157804489135742,2.43265867233276,4.57855966014399
36.683786767,3.15813875198364,-1.36169815063477,3.77721357345581,5.10836613896476
36.688541506,1.08605694770813,-3.22610807418823,1.88559174537659,3.89136855492254
36.693296142,-0.701150178909302,-5.12350559234619,-2.82830381393433,5.89416860906631
36.698050777,-0.791944980621338,-5.10706520080566,-1.8652560710907,5.49440370088986
36.702805465,-0.0156385898590088,-2.93917942047119,7.38853597640991,7.95169693247408
36.7075601,0.315971612930298,1.11938381195068,12.1688194274902,12.2242801193976
36.712314788,-0.84096622467041,7.17681884765625,11.0201377868652,13.1779129532944
36.717069423,-2.13930988311768,14.5865716934204,9.5966157913208,17.5908997833973
36.721824058,-3.96383333206177,22.155345916748,7.88471555709839,23.8482717778769
36.726578746,-4.86185455322266,26.4483528137207,6.85164546966553,27.7506403871645
36.731333381,-5.06490421295166,25.6502075195313,5.51093006134033,26.71996913588
36.736088017,-2.03756880760193,21.2451152801514,8.07302474975586,22.8184210348307
36.740842704,2.70772790908813,14.1322555541992,10.143705368042,17.6053172670217
36.74559734,4.50621223449707,6.56856822967529,7.13651657104492,10.6949476884662
36.750352027,2.59206771850586,0.135774612426758,-1.91118276119232,3.22333202592884
36.755106663,0.127683281898499,-5.2284049987793,-9.86555004119873,11.1660915036163
36.759861298,-1.74916815757751,-8.75168514251709,-9.46821594238281,13.01148320557
36.764615985,-5.38256645202637,-9.63581466674805,-3.79232335090637,11.6705896295014
36.769370621,-11.8013296127319,-8.00904941558838,-1.63218891620636,14.3554969899292
36.774125308,-17.8019638061523,-6.30452156066895,-4.02940845489502,19.310438626838
36.778879944,-21.3776779174805,-6.01462173461914,-7.42166423797607,23.4149927998139
36.783634579,-22.4500274658203,-6.86083126068115,-8.97735595703125,25.1329993988555
36.788389267,-20.9145355224609,-8.0779390335083,-8.07330703735352,23.829586267259
36.793143902,-18.3653316497803,-8.38789463043213,-7.09798431396484,21.4014850947065
36.79789859,-16.6181945800781,-7.19779300689697,-7.02485179901123,19.4247563194379
36.802653225,-14.8383731842041,-5.06487607955933,-5.91707277297974,16.7583423600229
36.80740786,-12.3420419692993,-2.69811534881592,-3.559406042099,13.1253646722669
36.812162548,-9.73407173156738,-0.14079761505127,-2.41770458221436,10.0308161128875
36.816917183,-6.76007461547852,2.49468040466309,-2.64330697059631,7.67522708908668
36.821671819,-2.89642429351807,4.89284133911133,-3.04938745498657,6.45197131956024
36.826426506,1.52130603790283,6.65961265563965,-3.6428370475769,7.74177463759532
36.831181142,5.70623922348023,7.51836204528809,-4.52881717681885,10.468864262214
36.835935829,8.62826061248779,7.46024322509766,-4.95792293548584,12.4371664782956
36.840690465,9.39751052856445,6.60793304443359,-4.26269245147705,12.253510933201
36.8454451,7.84370803833008,5.1607837677002,-2.49651432037354,9.71545308461483
36.850199788,4.746506690979,3.57633972167969,-0.279686450958252,5.9496013381757
36.854954423,1.32628190517426,2.30690288543701,1.1761246919632,2.90931158624782
36.85970911,-1.76861917972565,1.45267295837402,2.00225734710693,3.04093850824515
36.864463746,-4.31045293807983,1.0250825881958,2.56997585296631,5.12206742720683
36.869218381,-6.31780624389648,0.975785255432129,2.71700263023376,6.94614539819268
36.873973069,-7.4588041305542,1.01755905151367,2.20241713523865,7.84345757423871
36.878727704,-7.59623432159424,1.00209045410156,1.32061278820038,7.7750227834474
36.88348234,-6.76999759674072,0.876760482788086,0.0569781064987183,6.82677251039422
36.888237027,-5.28533267974854,0.617643356323242,-1.42884063720703,5.50979222999945
36.892991663,-3.55194020271301,0.286907196044922,-2.82421135902405,4.54695114810262
36.89774635,-1.87389850616455,-0.010279655456543,-3.84514808654785,4.27747181056809
36.902500985,-0.629129648208618,-0.321751594543457,-4.56607580184937,4.62043032964254
36.907255621,0.110586032271385,-0.585354804992676,-4.98716545104981,5.02261771931792
36.912010308,0.493294805288315,-0.822646141052246,-5.02487802505493,5.11561194824163
36.916764944,0.696040868759155,-0.993001937866211,-4.75344657897949,4.90568854686077
36.921519579,0.747972130775452,-1.03433990478516,-4.28769493103027,4.47366171817119
36.926274267,0.69044029712677,-0.956356048583984,-3.53221130371094,3.72395507352371
36.931028902,0.521777987480164,-0.804540634155273,-2.62809658050537,2.79757565343457
36.935783538,0.12777903676033,-0.569367408752441,-1.88110196590424,1.96953073967218
36.940538225,-0.431578248739243,-0.320199012756348,-1.00882506370544,1.14302895926362
36.94529286,-0.93628740310669,-0.0474348068237305,-0.128135919570923,0.946204510662975
36.950047548,-1.2214869260788,0.227410316467285,0.543615579605103,1.35619455131134
36.954802183,-1.36836302280426,0.387218475341797,1.0040727853775,1.74083820849606
36.959556819,-1.34334969520569,0.460803031921387,1.31789648532867,1.93746715685165
36.964311506,-1.13429927825928,0.460239410400391,1.57845628261566,1.99749328000724
36.969066142,-0.717434823513031,0.397616386413574,1.66658484935761,1.85750277976698
36.973820777,-0.174187242984772,0.268274307250977,1.644890666008,1.67570212229676
36.978575465,0.294552206993103,0.0818605422973633,1.34629487991333,1.3805694675425
36.9833301,0.616889357566834,-0.16398811340332,0.988402903079987,1.17659886096908
36.988084788,0.940961539745331,-0.464418411254883,0.877261102199554,1.36772808753231
36.992839423,1.25013887882233,-0.745249748229981,0.723654985427856,1.6253987023234
36.997594058,1.52548503875732,-0.918023109436035,0.442052006721497,1.83447022586292
37.002348746,1.72654342651367,-0.994833946228027,0.32645583152771,2.01921276594213
37.007103381,1.85591793060303,-0.951914787292481,0.316820442676544,2.10972707246641
37.011858017,1.78711104393005,-0.885004043579102,0.16920793056488,2.00140684625944
37.016612704,1.68047118186951,-0.853890419006348,0.0915874242782593,1.88719381544415
37.02136734,1.63161206245422,-0.86808967590332,0.0479961633682251,1.84879453684127
37.026122027,1.6121609210968,-0.858217239379883,0.0480059385299683,1.82699322265154
37.030876663,1.55520617961884,-0.864950180053711,-0.0185595750808716,1.77964871054002
37.035631298,1.35314679145813,-0.869174957275391,-0.0370758771896362,1.60867832901966
37.040385985,1.05355978012085,-0.882862091064453,-0.0362091064453125,1.37504355622524
37.045140621,0.821314096450806,-0.980036735534668,-0.0131955146789551,1.27875055019886
37.049895256,0.759249329566956,-1.01001834869385,0.0297099351882935,1.26391427296119
37.054649944,0.745678782463074,-0.991982460021973,0.340982794761658,1.28698691288231
37.059404579,0.642087996006012,-0.732447624206543,0.953496396541596,1.36305241830189
37.064159215,0.6324183344841,-0.358316421508789,1.13138341903687,1.34475724522534
37.068913902,1.057825922966,-0.101513862609863,0.889882624149323,1.38607064479547
37.073668538,1.86264216899872,0.00217247009277344,0.90277373790741,2.06988912534316
37.078423173,2.72682619094849,0.0461568832397461,1.03332161903381,2.91641305405728
37.08317786,3.52675294876099,-0.139021873474121,0.954573512077332,3.65629922638427
37.087932496,4.26977491378784,-0.524386405944824,0.946372628211975,4.40472247350279
37.092687131,4.68347597122192,-0.95201587677002,1.27830827236176,4.9472571635022
37.097441819,4.37197160720825,-1.1851978302002,1.6540629863739,4.82231832149626
37.102196454,3.61569738388062,-1.17866325378418,1.9167788028717,4.25870351360135
37.10695109,2.8308436870575,-1.13095760345459,2.11994934082031,3.71307504489332
37.111705777,2.14394807815552,-0.948994636535645,2.2655553817749,3.26034436369678
37.116460413,1.55745697021484,-0.561288833618164,2.38646864891052,2.90447068861919
37.121215048,1.13630366325378,-0.159234046936035,2.50620198249817,2.75637259344693
37.125969735,0.899464666843414,0.0396795272827148,2.42116641998291,2.58314885073199
37.130724371,0.932441771030426,0.0738487243652344,2.2241005897522,2.41278360484085
37.135479058,1.1772872209549,0.101170539855957,2.10140156745911,2.41083579417555
37.140233694,1.51621377468109,0.222041130065918,1.76195073127747,2.335096754617
37.144988329,2.04897689819336,0.185442924499512,1.37137341499329,2.47252107188743
37.149743017,2.68443202972412,0.0417375564575195,0.640473246574402,2.76009480369885
37.154497652,3.10993838310242,0.0109033584594727,0.109060168266296,3.11186917305687
37.159252288,3.07526540756226,0.104787826538086,-0.220988512039185,3.08497548418021
37.164006975,2.51414966583252,0.316093444824219,-0.65822184085846,2.61803735646566
37.16876161,1.74001574516296,0.486942291259766,-0.621891856193543,1.91089431137156
37.173516246,0.869664490222931,0.653182029724121,-0.413541436195374,1.16360629465458
37.178270933,0.0820876359939575,0.673773765563965,-0.360926508903503,0.768750552503601
37.183025569,-0.441418290138245,0.577517509460449,-0.260993003845215,0.772330194060882
37.187780204,-0.677333354949951,0.371668815612793,-0.135741829872131,0.784438669752969
37.192534892,-0.726194500923157,0.252299308776855,-0.179133296012878,0.789368185399405
37.197289527,-0.60497772693634,0.22646427154541,-0.297806262969971,0.711317570878011
37.202044163,-0.294629096984863,0.236745834350586,-0.364871978759766,0.525344130790987
37.20679885,0.0613560676574707,0.273573875427246,-0.356473445892334,0.453520175936005
37.211553485,0.429544925689697,0.203095436096191,-0.380403518676758,0.608657076168944
37.216308121,0.893364667892456,0.0851850509643555,-0.347988724708557,0.962524324508574
37.221062808,1.383296251297,-0.178045272827148,-0.285270690917969,1.42358280585473
37.225817444,1.84684908390045,-0.486004829406738,-0.170642614364624,1.91733438261243
37.230572079,2.20087742805481,-0.946048736572266,-0.168979644775391,2.40154612398753
37.235326767,2.31245374679565,-1.37617111206055,0.016301155090332,2.69101374734439
37.240081402,2.22984647750855,-1.69268274307251,0.0863932371139526,2.8008666468384
37.244836038,2.12041926383972,-1.79059219360352,-0.171329975128174,2.78060285165535
37.249590725,2.01268696784973,-1.57703113555908,-0.395918369293213,2.58740939710335
37.25434536,1.75827765464783,-1.19102668762207,-0.707040786743164,2.23830104221489
37.259099996,1.58161795139313,-0.816793441772461,-1.09692752361298,2.09091292567414
37.263854683,1.47504377365112,-0.490275382995605,-1.44861304759979,2.12475971512894
37.268609319,1.29000508785248,-0.225956916809082,-1.58391582965851,2.05522724057024
37.273363954,1.00785326957703,-0.0667448043823242,-1.65187335014343,1.93620986642028
37.278118642,0.566767692565918,0.118976593017578,-1.85820019245148,1.94635274353065
37.282873277,0.148305416107178,0.333460807800293,-1.63919901847839,1.67933440057842
37.287627913,-0.322030305862427,0.641157150268555,-1.66878974437714,1.81649255990016
37.2923826,-0.72029185295105,1.12064933776855,-1.92318153381348,2.33950903047411
37.297137235,-0.853574752807617,1.57789707183838,-1.71458101272583,2.48155940431549
37.301891819,-0.873302459716797,1.7857723236084,-1.83664381504059,2.70645533516443
37.306646558,-0.853999853134155,1.79947948455811,-1.91820108890533,2.76530967198545
37.311401194,-1.02261424064636,1.68141937255859,-1.97359299659729,2.78710966913861
37.316155829,-1.39297413825989,1.41038608551025,-1.85431671142578,2.71441638779586
37.320910517,-1.71123719215393,1.05843544006348,-1.49070632457733,2.50416126771582
37.325665152,-1.90778613090515,0.714278221130371,-0.918491840362549,2.23460702569105
37.330419788,-2.08070874214172,0.490215301513672,-0.424867510795593,2.17948900276941
37.335174475,-2.23008751869202,0.400381088256836,0.0687471032142639,2.26678660686444
37.33992911,-2.33947157859802,0.461236000061035,0.287416875362396,2.40176484591296
37.344683746,-2.33278918266296,0.75612735748291,-0.291577577590942,2.46954478299893
37.349438433,-2.0309009552002,1.27995586395264,-0.924545347690582,2.57247542329098
37.354193069,-1.33820462226868,2.0301685333252,-0.945148587226868,2.60877015789087
37.358947704,-0.601253986358643,2.92300224304199,-0.591143369674683,3.04218654136314
37.363702392,0.0720443725585938,3.85066032409668,-0.930965840816498,3.96225601393409
37.368457027,1.04396724700928,4.57138252258301,-1.74329566955566,5.00264785609551
37.373211663,2.36839151382446,4.96331882476807,-2.2450258731842,5.94002973816792
37.37796635,3.82261562347412,5.15831565856934,-2.35689854621887,6.83926760665487
37.382720985,5.08933258056641,5.34086799621582,-2.17510557174683,7.69137577529932
37.387475621,5.94968700408936,5.67859172821045,-1.99615430831909,8.46343969582999
37.392230256,6.68428897857666,6.06883716583252,-1.80430233478546,9.20684585565675
37.396984944,7.34618473052979,6.59775829315186,-0.788002848625183,9.90544259886273
37.401739579,7.50051975250244,7.11460590362549,0.144370779395103,10.339064592289
37.406494215,7.10132169723511,7.17910194396973,-0.0343398451805115,10.0979925626086
37.411248902,6.47521877288818,6.34420680999756,-0.352542489767075,9.07202868226695
37.416003538,5.70822286605835,4.53674030303955,-0.0860658288002014,7.29199754475424
37.420758173,4.77507543563843,2.4823169708252,0.504150450229645,5.40531318576001
37.42551286,3.48886489868164,0.996856689453125,1.26986169815063,3.84427499965732
37.430267496,1.37087607383728,0.233110427856445,0.791205883026123,1.59989013083089
37.435022131,-0.784430503845215,0.0300979614257813,-0.438333600759506,0.899095906007607
37.439776819,-2.38951253890991,0.331954956054688,-0.00571675598621368,2.41246698376495
37.444531454,-4.11015796661377,0.996609687805176,0.429550349712372,4.25101668819164
37.44928609,-5.85693407058716,1.78860950469971,-0.047364816069603,6.12413619160352
37.454040777,-7.70108318328857,2.49409961700439,-0.996121108531952,8.15594705465493
37.458795413,-9.46551132202148,2.66281127929688,-1.62251996994019,9.96589381587634
37.463550048,-10.5306949615479,2.27790355682373,-1.50502359867096,10.8788545821661
37.468304683,-10.7431526184082,1.63363170623779,-0.646467924118042,10.8858624605931
37.473059371,-10.709436416626,0.914065361022949,-1.07714712619782,10.8022122631178
37.477814006,-10.9132785797119,0.288893699645996,-2.59736466407776,11.2218274860334
37.482568642,-10.4277400970459,-0.156015396118164,-3.05141878128052,10.8661520748661
37.487323329,-8.16887950897217,-0.502005577087402,-2.61142897605896,8.59081854822534
37.492077965,-5.03376579284668,-0.61927604675293,-2.99291777610779,5.88896066329682
37.4968326,-2.36664247512817,-0.764946937561035,-4.66090202331543,5.28300559277677
37.501587288,-0.382525444030762,-1.25132036209106,-6.61967086791992,6.74775301589369
37.506341923,1.60677647590637,-2.3119854927063,-7.97882699966431,8.46100986009251
37.511096558,3.79966020584106,-3.75707197189331,-8.48470497131348,10.0271245096523
37.515851246,5.79571008682251,-4.97819519042969,-8.42328643798828,11.3720902731605
37.520605881,7.17077541351318,-5.73813009262085,-8.00828742980957,12.1851887367136
37.525360517,7.62174367904663,-5.96041297912598,-7.43626546859741,12.2030956609491
37.530115152,7.29351663589478,-5.71251678466797,-6.73289775848389,11.4525169792227
37.53486984,6.85052490234375,-5.12190723419189,-5.9914436340332,10.4432285224971
37.539624475,6.13903474807739,-4.61932325363159,-5.21633720397949,9.28633774882563
37.54437911,5.15355253219605,-4.15693855285645,-4.59195947647095,8.05762580838052
37.549133798,4.13499593734741,-3.7609691619873,-4.36887836456299,7.09437654791777
37.553888433,2.98272323608398,-3.3546895980835,-4.19706201553345,6.14539744563349
37.558643069,1.81830072402954,-2.99057483673096,-3.86327266693115,5.21292922224656
37.563397756,0.729608774185181,-2.65655183792114,-3.3916187286377,4.3695164756957
37.568152392,-0.279356956481934,-2.40282773971558,-2.9733190536499,3.83304678430607
37.572907027,-1.11601781845093,-2.29864931106567,-2.56773066520691,3.62250261496201
37.577661715,-1.75961422920227,-2.31531476974487,-2.17442989349365,3.63112518103255
37.58241635,-2.20579195022583,-2.46233892440796,-1.89952969551086,3.81272136019185
37.587170985,-2.52642560005188,-2.65597677230835,-1.79561078548431,4.08182030723874
37.591925621,-2.55190706253052,-2.91294145584106,-1.7833559513092,4.2635450073877
37.596680308,-2.37070178985596,-3.17574644088745,-1.79993379116058,4.3526261137154
37.601434944,-2.03538489341736,-3.39176750183105,-1.82306635379791,4.35550793607116
37.606189579,-1.64399456977844,-3.52520322799683,-1.84004151821136,4.30296743339777
37.610944267,-1.296799659729,-3.60955762863159,-1.83099687099457,4.2500759020843
37.615698902,-1.05110907554626,-3.60665798187256,-1.85739457607269,4.19079070082545
37.620453538,-0.88054347038269,-3.54050064086914,-1.80383336544037,4.06992830422163
37.625208173,-0.792226314544678,-3.5306248664856,-1.70337581634521,3.99930289588238
37.62996286,-0.78117561340332,-3.50279235839844,-1.61317145824432,3.93473147733421
37.634717496,-0.868711233139038,-3.42587614059448,-1.55224204063416,3.86014791037709
37.639472131,-0.992389678955078,-3.26873350143433,-1.45588278770447,3.71336110145914
37.644226819,-1.07091593742371,-3.22736549377441,-1.42235922813416,3.68589944915651
37.648981454,-1.31696128845215,-3.20837545394897,-1.23451936244965,3.6813174469267
37.65373609,-1.58972954750061,-2.97286510467529,-1.08083701133728,3.54025078347128
37.658490725,-1.76310610771179,-2.75068759918213,-1.02335357666016,3.42375202931055
37.663245413,-2.06918859481812,-2.48932695388794,-1.30385136604309,3.48974476273134
37.668000048,-2.185227394104,-2.24858665466309,-1.66446375846863,3.54990145084719
37.672754683,-2.07305550575256,-2.02364873886108,-1.53247737884521,3.27737704039333
37.677509371,-1.98561763763428,-1.8357834815979,-1.01433217525482,2.88819115640728
37.682264006,-2.13518571853638,-1.6178879737854,-0.958947896957398,2.84537530344244
37.687018642,-2.4952917098999,-1.38200998306274,-1.46141004562378,3.20501975535727
37.691773329,-2.72453498840332,-1.19296073913574,-1.91894435882568,3.53957535312106
37.696527965,-2.71797227859497,-1.01257801055908,-1.79704737663269,3.41204730455792
37.7012826,-2.67866230010986,-0.78109884262085,-1.59904849529266,3.21594515038289
37.706037235,-2.82143449783325,-0.567882537841797,-1.64577960968018,3.31535423838664
37.710791923,-2.77081966400147,-0.41367244720459,-1.81822204589844,3.33983501271912
37.715546558,-2.33548736572266,-0.502406120300293,-1.75863873958588,2.96643276706848
37.720301194,-1.88092088699341,-0.580234527587891,-1.5126953125,2.48249523636858
37.725055829,-1.44717025756836,-0.689779281616211,-1.46703922748566,2.17308566483679
37.729810517,-1.0820951461792,-0.706594467163086,-1.594198346138,2.05223634439097
37.734565152,-0.63302755355835,-0.63789701461792,-1.84512281417847,2.0523437051879
37.739319788,0.00699949264526367,-0.498022079467773,-1.97691810131073,2.03869570162511
37.744074475,0.72074031829834,-0.183966636657715,-2.15117859840393,2.27615458439339
37.74882911,1.30752325057983,0.237409591674805,-2.34593486785889,2.69618077458878
37.753583746,1.60732293128967,0.687178611755371,-2.42971110343933,2.99319185754606
37.758338381,1.5531153678894,1.04093647003174,-2.56733202934265,3.17598958271356
37.763093069,1.44084930419922,1.21254730224609,-2.6722366809845,3.26912320917929
37.767847704,1.34162330627441,1.27128124237061,-2.63920164108276,3.22203264965394
37.77260234,1.50128674507141,1.26500797271729,-2.44926428794861,3.13894928506114
37.777357027,1.82622265815735,1.28468418121338,-2.34140920639038,3.23538246802396
37.782111663,2.04629111289978,1.33278942108154,-2.19134426116943,3.28110113081565
37.786866298,2.0970573425293,1.38777351379395,-2.06148815155029,3.25166084062072
37.791620933,2.05478143692017,1.45893478393555,-2.02852296829224,3.23504604143093
37.796375621,2.07189559936523,1.49090194702148,-1.94912695884705,3.21164068538275
37.801130256,2.07854199409485,1.44035530090332,-1.7447292804718,3.07230214597974
37.805884892,2.04349327087402,1.41708469390869,-1.45890545845032,2.88312311816784
37.810639527,1.9619607925415,1.3396520614624,-1.30238008499146,2.70927143029873
37.815394215,1.82195639610291,1.30825996398926,-1.23000502586365,2.55812071770026
37.82014885,1.51103687286377,1.31781768798828,-1.28968501091003,2.38393861441412
37.824903485,1.3228645324707,1.20534372329712,-1.3045597076416,2.21465575053159
37.829658121,1.55352878570557,1.47020387649536,-1.69789123535156,2.73089468371841
37.834412808,1.81098794937134,1.75829792022705,-2.04430985450745,3.24815204543741
37.839167444,1.5957989692688,2.03102684020996,-2.1414065361023,3.3551849917455
37.843922079,1.51037120819092,2.29040575027466,-1.85569334030151,3.31221639701616
37.848676767,1.56394052505493,2.48593425750732,-1.87126731872559,3.48244461214935
37.853431402,1.70878219604492,2.62231111526489,-1.78681898117065,3.60404970141002
37.858186038,1.87822341918945,2.76151466369629,-1.45277047157288,3.64200885409075
37.862940673,2.01292324066162,2.85795211791992,-1.27892160415649,3.72228300249952
37.86769536,2.12711620330811,2.83732604980469,-1.40845251083374,3.81559706082155
37.872449996,2.35152912139893,2.7352352142334,-1.50086331367493,3.90689026878218
37.877204631,2.64966750144959,2.5802526473999,-1.35467004776001,3.93872727298431
37.881959267,2.95900797843933,2.36526107788086,-1.16771197319031,3.96405593241792
37.886713954,3.20764470100403,2.22420740127563,-1.2141227722168,4.08780836118622
37.89146859,3.51230192184448,2.12103796005249,-1.40919971466064,4.33830734895255
37.896223225,3.91072273254395,2.09608554840088,-1.46791458129883,4.67355326652438
37.90097786,4.26181221008301,2.09184503555298,-1.38321089744568,4.94490964058927
37.905732548,4.4627833366394,2.12950134277344,-1.33711004257202,5.12240903722137
37.910487183,4.46316862106323,2.15589570999146,-1.40365600585938,5.15150566681122
37.915241819,4.38662910461426,2.15857172012329,-1.53665065765381,5.1247675084859
37.919996454,4.44976615905762,2.14893293380737,-1.49396228790283,5.16238849196496
37.924751142,4.58987808227539,2.14330196380615,-1.32124781608582,5.23511412575876
37.929505777,4.63699913024902,2.11270189285278,-1.32950448989868,5.2661990477625
37.934260413,4.71510362625122,2.08797597885132,-1.60915589332581,5.40196525197753
37.939015048,4.96963787078857,2.05471515655518,-1.71759438514709,5.64528878032315
37.943769735,5.35064315795898,2.10631561279297,-1.59592390060425,5.96765622007741
37.948524371,5.63669157028198,2.29563617706299,-1.19778823852539,6.20297783167715
37.953279006,5.72151756286621,2.56057214736938,-0.659111738204956,6.30291370934982
37.958033642,5.54909467697144,2.86306715011597,-0.325621843338013,6.25265022409896
37.962788329,5.20831108093262,3.18386459350586,-0.140316009521484,6.10599595873382
37.967542965,4.91663408279419,3.29807233810425,0.137963533401489,5.92195962397672
37.9722976,4.69788312911987,3.270339012146,0.338935375213623,5.73411722393294
37.977052235,4.5998067855835,3.09369087219238,0.464686632156372,5.56283015590907
37.981806923,4.67719268798828,2.93068742752075,0.576847076416016,5.54957771258039
37.986561558,4.85568332672119,2.73824119567871,0.768122434616089,5.62722289319258
37.991316194,5.02016592025757,2.61929559707642,0.837808132171631,5.72404557617358
37.996070829,5.12941694259644,2.59541749954224,0.841529369354248,5.80992959057261
38.000825517,5.18737459182739,2.59726190567017,1.12891960144043,5.91008325060639
38.005580152,4.82992553710938,2.43890762329102,1.48600029945374,5.61111824674413
38.010334788,3.73362612724304,1.68475532531738,0.999037504196167,4.21621162882127
38.015089475,2.24880647659302,0.228723526000977,-0.896385431289673,2.4316561973152
38.01984411,1.48286247253418,-1.26142978668213,-1.4130539894104,2.40557847433164
38.024598746,1.02782559394836,-1.57356357574463,0.503000497817993,1.94564572296466
38.029353381,0.410656452178955,-0.590152263641357,1.2964198589325,1.48243814934444
38.034108017,0.101675033569336,0.751583576202393,0.404707670211792,0.859653408529717
38.038862704,0.00705814361572266,1.61555194854736,-2.00499510765076,2.57489092925311
38.04361734,-0.194804191589355,1.6059832572937,-4.49137878417969,4.77384690566716
38.048371975,-1.25676441192627,1.45794296264648,-3.99309945106506,4.43282051244024
38.05312661,-3.06905126571655,2.15218448638916,0.178311347961426,3.75270151648947
38.057881298,-4.55538702011108,3.91389560699463,4.65975618362427,7.60154309441662
38.062635933,-4.74703454971314,5.80081367492676,5.61989593505859,9.36840470028252
38.067390569,-3.44580078125,6.53038215637207,4.41500473022461,8.60300534117186
38.072145204,-1.3753924369812,5.89183521270752,3.66472864151001,7.07358908513275
38.076899892,0.560763835906982,4.17257595062256,4.10169267654419,5.87781668276505
38.081654527,2.26177263259888,2.23050403594971,4.88984489440918,5.83106737976339
38.086409163,3.46471285820007,1.07502460479736,3.84115362167358,5.28340555286008
38.091163798,4.4539589881897,0.897327423095703,1.33449292182922,4.7353794495402
38.095918485,5.35338020324707,1.27746868133545,0.606861114501953,5.53704670782224
38.100673121,5.31082010269165,1.77449989318848,1.73482203483582,5.86201906570011
38.105427756,3.97212934494019,2.1870288848877,2.09232425689697,4.99386900832086
38.110182392,2.48052501678467,2.48800754547119,1.19107139110565,3.70969499607805
38.114937079,1.68919289112091,2.62623500823975,0.54908299446106,3.17048499077409
38.119691715,1.27182388305664,2.78065776824951,0.523119688034058,3.10213600953415
38.12444635,0.970685243606567,2.98513698577881,0.495908737182617,3.1779235581798
38.129200933,0.748092412948608,3.25457191467285,0.389639616012573,3.3620975054949
38.133955621,0.645801305770874,3.49100208282471,-0.439061641693115,3.57727969189272
38.138710308,1.23593401908875,3.46931648254395,-1.28192090988159,3.89961677281032
38.143464944,1.99515020847321,3.03171539306641,-1.68677091598511,4.00213926568526
38.148219579,2.4825541973114,2.42238807678223,-1.74176931381226,3.88133993353625
38.152974215,3.23341774940491,1.93113040924072,-1.04189801216125,3.90765997336085
38.15772885,4.03321075439453,2.04641056060791,0.400184869766235,4.54034504216597
38.162483538,4.35031318664551,2.50060367584229,1.38764119148254,5.20613019831783
38.167238173,4.40756940841675,3.31233978271484,2.33213376998901,5.98641051443098
38.171992808,4.63670110702515,4.46866130828857,4.54275465011597,7.88064406347818
38.176747444,4.44843196868897,5.28806781768799,5.12288618087769,8.60210271077653
38.181502131,3.76385164260864,5.27692031860352,3.87401628494263,7.55118993354419
38.186256767,3.30230617523193,4.80174255371094,3.96015310287476,7.04590450015482
38.191011402,2.70724678039551,4.36186122894287,3.59512114524841,6.26736903010578
38.195766038,2.47134876251221,3.6653470993042,2.54638624191284,5.10160925173139
38.200520725,2.56477069854736,2.77693748474121,2.05811834335327,4.30410056173589
38.20527536,2.2198748588562,2.18207740783691,1.36128807067871,3.39741245864353
38.210029944,1.7314156293869,1.74401950836182,0.233325719833374,2.46857145304073
38.214784631,1.60295820236206,1.10376930236816,-0.603959798812866,2.0377804371306
38.219539267,1.80960702896118,0.306859016418457,-0.942903518676758,2.06346967526931
38.224293954,2.08525156974793,-0.386061668395996,-1.2759907245636,2.47496869679461
38.22904859,2.37001967430115,-0.889046669006348,-1.55037832260132,2.96834468676363
38.233803225,2.5392439365387,-1.18085479736328,-1.76109075546265,3.30811403531988
38.23855786,2.46589517593384,-1.24263095855713,-1.89342474937439,3.34810812241807
38.243312548,2.36219477653503,-1.1009407043457,-1.72222590446472,3.12379523381158
38.248067183,2.26818180084229,-0.935223579406738,-1.35958051681519,2.80495115944181
38.252821819,2.13827657699585,-0.71440315246582,-1.04678869247437,2.48563174076016
38.257576454,1.93676388263702,-0.512691497802734,-0.655040502548218,2.10783893335925
38.26233109,1.69973230361938,-0.339668273925781,-0.347201347351074,1.76777069097815
38.267085777,1.48493015766144,-0.24305248260498,0.0177257061004639,1.50479443216993
38.271840413,1.37622165679932,-0.237053871154785,0.489808917045593,1.47989640235062
38.276595048,1.36176681518555,-0.266563415527344,0.851467132568359,1.62802370722369
38.281349683,1.39615511894226,-0.28373908996582,1.15777170658112,1.83580835380033
38.286104319,1.46248006820679,-0.245587348937988,1.38261961936951,2.02751032247089
38.290859006,1.60819220542908,-0.214297294616699,1.39735412597656,2.14121555511504
38.295613642,1.92633676528931,-0.0941877365112305,1.31736326217651,2.33561354413497
38.300368277,2.25666069984436,0.00235557556152344,1.17877173423767,2.54598229852369
38.305122913,2.4534387588501,0.104040145874023,1.09876322746277,2.69025402618522
38.3098776,2.61483097076416,-0.0137662887573242,1.02949583530426,2.81022991786836
38.314632235,2.13358974456787,0.134324073791504,1.04781019687653,2.38078860119994
38.319386871,1.98264443874359,0.120132446289063,0.804596066474915,2.14305520351651
38.324141506,1.99682259559631,-0.0682382583618164,0.791720867156982,2.14913444662731
38.328896142,2.13089871406555,-0.311065673828125,0.910824775695801,2.33818154878138
38.333650829,2.03155660629272,-0.529326438903809,0.882289409637451,2.27724467852109
38.338405465,1.68493294715881,-0.648957252502441,0.978724002838135,2.05378801869334
38.3431601,1.35622310638428,-0.677289009094238,1.12838304042816,1.88979094136266
38.347914735,1.05976629257202,-0.559470176696777,1.17592477798462,1.67896115409593
38.352669371,0.982133209705353,-0.353068351745605,1.28133392333984,1.65259176014888
38.357424058,1.01579368114471,-0.134707450866699,1.30559062957764,1.65968364214794
38.362178694,1.06746065616608,0.0501546859741211,1.25577902793884,1.64892956550566
38.366933329,1.1606912612915,0.127440452575684,1.11769485473633,1.616380852799
38.371687965,1.3762686252594,0.0972709655761719,1.00396609306335,1.7063191042822
38.3764426,1.56812000274658,0.0816736221313477,0.878933072090149,1.79949833808754
38.381197288,1.61927652359009,0.133225440979004,0.740296721458435,1.78545364369287
38.385951923,1.39617586135864,0.242283821105957,0.87240993976593,1.66406357715462
38.390706558,0.989982783794403,0.356210708618164,0.961924195289612,1.42557011003568
38.395461194,0.604130923748016,0.372230529785156,1.1378161907196,1.34095317748102
38.400215881,0.437216997146606,0.338218688964844,1.3662041425705,1.47379250348744
38.404970517,0.451015651226044,0.28291130065918,1.41028118133545,1.50743057290226
38.409725152,0.592738330364227,0.227800369262695,1.43499183654785,1.56921423249924
38.414479788,0.783350884914398,0.156200408935547,1.36171591281891,1.57870434340064
38.419234423,1.02958691120148,-0.00595760345458984,1.09994029998779,1.50663644064969
38.42398911,1.22870540618896,-0.13188648223877,0.862656474113464,1.50707903300563
38.428743746,1.32107543945313,-0.192962646484375,0.695193886756897,1.50524730189052
38.433498381,1.30920422077179,-0.086491584777832,0.528296709060669,1.41442352169652
38.438253017,1.30062115192413,0.0773296356201172,0.31632125377655,1.34076634391245
38.443007652,1.30232703685761,0.131091117858887,0.219194054603577,1.32713474285219
38.447762288,1.17089009284973,0.0247478485107422,0.16987931728363,1.18340823386535
38.452516975,0.794098436832428,-0.0957193374633789,0.175604701042175,0.818896531908791
38.45727161,0.382518589496613,-0.110814094543457,0.30561363697052,0.501995946161234
38.462026246,0.156058073043823,-0.0684576034545898,0.425920963287354,0.458747460592998
38.466780881,0.162265181541443,-0.00939846038818359,0.452654480934143,0.480951556092819
38.471535517,0.333995401859283,0.00660800933837891,0.383518576622009,0.508608978356392
38.476290204,0.477239549160004,-0.00608062744140625,0.259225249290466,0.543131927971675
38.48104484,0.529848515987396,-0.114285469055176,0.199612617492676,0.577620823199342
38.485799475,0.4416663646698,-0.25096321105957,0.221459269523621,0.554162358017849
38.49055411,0.203299045562744,-0.332435607910156,0.382064342498779,0.545726210789204
38.495308746,-0.0437933206558228,-0.337225914001465,0.633465051651001,0.71896950121086
38.500063433,-0.194406509399414,-0.255908012390137,0.686193108558655,0.757722761922674
38.504818069,-0.205662846565247,-0.0336790084838867,0.466167449951172,0.510630564560873
38.509572704,-0.0494718551635742,0.204916954040527,0.224326968193054,0.307832764931319
38.51432734,0.244997024536133,0.297367095947266,-0.0343561172485352,0.386821760732335
38.519081975,0.419586658477783,0.263042449951172,-0.409896612167358,0.64285264805797
38.52383661,0.374330401420593,0.173794746398926,-0.543855667114258,0.6827201842306
38.528591298,0.128596901893616,0.0535707473754883,-0.412715673446655,0.435592946751357
38.533345933,-0.231343388557434,-0.0737085342407227,-0.286903023719788,0.375853770060523
38.538100569,-0.562169551849365,-0.186546325683594,-0.173563241958618,0.617218223654933
38.542855204,-0.734933495521545,-0.14876651763916,-0.0846554040908814,0.754602714712709
38.54760984,-0.670836925506592,-0.080012321472168,-0.0440144538879395,0.677023946667735
38.552364527,-0.472695827484131,0.05078125,-0.106515049934387,0.487201741104232
38.557119163,-0.216897010803223,0.176630020141602,-0.210065245628357,0.349814071660215
38.561873798,0.00084996223449707,0.302272796630859,-0.204313039779663,0.364847069664602
38.566628433,0.175516366958618,0.367972373962402,-0.225384593009949,0.465841043528947
38.571383069,0.390466451644897,0.371416091918945,-0.273004055023193,0.604106925349815
38.576137704,0.636035740375519,0.379616737365723,-0.306319236755371,0.801549627365408
38.580892392,0.826345205307007,0.323271751403809,-0.48558509349823,1.01150576202869
38.585647027,0.995204150676727,0.396038055419922,-0.753395557403565,1.3095351498835
38.590401663,1.21951270103455,0.738786697387695,-0.313961029052734,1.45999607533221
38.595156298,1.00245308876038,1.11705589294434,-0.413089513778687,1.55671738267445
38.599910933,0.762079775333405,1.31566143035889,-0.634227752685547,1.64741477035468
38.604665569,0.712924540042877,1.20803546905518,-0.58095121383667,1.51826065191357
38.609420256,0.692471563816071,0.961845397949219,-0.34211277961731,1.23357390951148
38.614174892,0.50734007358551,0.749418258666992,0.0298818349838257,0.90549135873912
38.618929527,0.133829593658447,0.640078544616699,0.238956212997437,0.696211875184195
38.623684163,-0.323101043701172,0.554802894592285,0.26155412197113,0.693261202584462
38.628438798,-0.73943293094635,0.488702774047852,0.379721403121948,0.964250903405787
38.633193485,-1.09864747524261,0.396337509155273,0.550373673439026,1.29113162630119
38.637948121,-1.46292746067047,0.318382263183594,0.580040037631989,1.60560594977403
38.642702756,-1.79150557518005,0.278706550598145,0.523664832115173,1.88716571175977
38.647457392,-2.07488012313843,0.267667770385742,0.452832102775574,2.14052107534646
38.652212027,-2.33257341384888,0.22542667388916,0.367516160011292,2.37208432484277
38.656966663,-2.42619514465332,0.0970096588134766,0.231726050376892,2.4391659878462
38.661721298,-2.40610265731812,-0.112717628479004,0.112285494804382,2.41135714767985
38.666475985,-2.40127873420715,-0.315219879150391,0.0449254512786865,2.42229672578313
38.671230621,-2.36142730712891,-0.488990783691406,-0.0158690214157105,2.41157681595049
38.675985256,-2.29861831665039,-0.602985382080078,-0.110544919967651,2.37896147845517
38.680739892,-2.12936210632324,-0.587987899780273,-0.215108036994934,2.21950089383023
38.685494527,-1.88258564472198,-0.47524356842041,-0.379727005958557,1.97842810283632
38.690249215,-1.65149748325348,-0.288774490356445,-0.55189573764801,1.76505624519652
38.69500385,-1.52692759037018,-0.0860509872436523,-0.583627939224243,1.63692828495399
38.699758485,-1.4945216178894,0.0158023834228516,-0.582622885704041,1.60414899825631
38.704513121,-1.54949903488159,-0.00457286834716797,-0.591701984405518,1.6586378171781
38.709267756,-1.61293339729309,-0.168511390686035,-0.519889831542969,1.70300783023336
38.714022392,-1.68451356887817,-0.303742408752441,-0.489237070083618,1.78022423457086
38.718777079,-1.81418752670288,-0.372058868408203,-0.456917405128479,1.90747940977481
38.723531715,-1.93478834629059,-0.438051223754883,-0.258259177207947,2.0004980935225
38.72828635,-2.05582618713379,-0.46108341217041,0.0252954959869385,2.10704985389549
38.733040985,-2.09868621826172,-0.524833679199219,0.264914810657501,2.17947564575729
38.737795621,-2.05636191368103,-0.521673202514648,0.360715508460999,2.15194863514538
38.742550256,-1.89806473255157,-0.425413131713867,0.308193564414978,1.96941852706262
38.747304944,-1.52590119838715,-0.288731575012207,0.234115540981293,1.57052554139604
38.752059579,-0.985448360443115,-0.104506492614746,0.143152952194214,1.00126062831841
38.756814215,-0.393715262413025,0.122480392456055,-0.0243377685546875,0.413044163947837
38.76156885,0.132318735122681,0.392221450805664,-0.139078438282013,0.436679202769642
38.766323485,0.501838564872742,0.628210067749023,-0.155487179756165,0.818942059906128
38.771078121,0.741060376167297,0.758801460266113,-0.211912155151367,1.0815992320301
38.775832756,0.890744924545288,0.736347198486328,-0.143231928348541,1.16453814992052
38.780587444,0.920070767402649,0.532400131225586,0.0195165872573853,1.06318437438485
38.785342079,0.793594241142273,0.273896217346191,0.147498369216919,0.852388835199278
38.790096715,0.583195090293884,0.0277976989746094,0.341052830219269,0.676170288027911
38.79485135,0.374988675117493,-0.143796920776367,0.614351153373718,0.733976430509015
38.799605985,0.125862240791321,-0.200373649597168,0.790472328662872,0.825128720559165
38.804360621,-0.16159200668335,-0.197024345397949,0.836027801036835,0.873998314306113
38.809115308,-0.394118428230286,-0.121896743774414,0.868083477020264,0.961122819773366
38.813869944,-0.499929070472717,-0.0921659469604492,0.943785727024078,1.07198653714363
38.818624579,-0.483954668045044,-0.0743274688720703,0.972209930419922,1.08854436848418
38.823379215,-0.446485757827759,-0.0874691009521484,0.891178846359253,1.00059987595573
38.82813385,-0.356720805168152,-0.126804351806641,0.813102960586548,0.89692000813424
38.832888485,-0.198139786720276,-0.280716896057129,0.735812783241272,0.812084849504516
38.837643121,-0.0280829668045044,-0.353096008300781,0.571045160293579,0.671980668767493
38.842397808,0.0246764421463013,-0.351194381713867,0.517092227935791,0.62556437936953
38.847152444,0.0129609107971191,-0.186699867248535,0.626067221164703,0.653440885663122
38.851907079,-0.0581581592559814,0.0541620254516602,0.684834003448486,0.689429843253359
38.856661715,-0.145900249481201,0.251772880554199,0.607294797897339,0.67341178912639
38.86141635,-0.20516049861908,0.274724006652832,0.498763144016266,0.605251008965706
38.866170985,-0.18168830871582,0.252222061157227,0.490980923175812,0.581110038272432
38.870925673,-0.0613829493522644,0.110233306884766,0.49057137966156,0.506536797242787
38.875680308,0.0246073007583618,0.0138416290283203,0.409170657396317,0.41014355635424
38.880434944,0.0890346169471741,0.0443058013916016,0.328015804290772,0.342760171134868
38.885189579,0.0965645909309387,0.132205009460449,0.397470623254776,0.429867166806953
38.889944215,-0.0363190770149231,0.124534606933594,0.588739335536957,0.602861467410066
38.89469885,-0.166294693946838,-0.0837345123291016,0.732292354106903,0.75559081894455
38.899453485,-0.265066981315613,-0.456531524658203,0.787816405296326,0.948333393930921
38.904208121,-0.215850532054901,-0.881360054016113,0.777015447616577,1.19462965091214
38.908962808,-0.0904937982559204,-1.19327163696289,0.783632040023804,1.43044241451893
38.913717444,-0.0129743218421936,-1.36130523681641,0.693065881729126,1.52763235015105
38.918472079,0.000235557556152344,-1.3235034942627,0.624884366989136,1.46360583044764
38.923226715,0.0804947018623352,-1.0921049118042,0.678992390632629,1.28848872791025
38.92798135,0.270687818527222,-0.817917823791504,0.673267364501953,1.09341227616954
38.932735985,0.460970938205719,-0.587029457092285,0.571446478366852,0.940025992726904
38.937490673,0.627750158309937,-0.440000534057617,0.660170674324036,1.01167981618029
38.942245308,0.847694039344788,-0.424504280090332,0.970284581184387,1.3565549147159
38.946999944,1.10174870491028,-0.547518730163574,1.22721719741821,1.73772524246223
38.951754579,1.31354999542236,-0.729984283447266,1.35994982719421,2.02675952619932
38.956509215,1.45242464542389,-0.854716300964356,1.49067866802216,2.24993337613922
38.96126385,1.43733882904053,-0.890727043151856,1.67435371875763,2.37966341115443
38.966018485,1.32595765590668,-0.878749847412109,1.91572868824005,2.49005650669423
38.970773121,1.12058413028717,-0.809310913085938,2.11427927017212,2.52603835667058
38.975527808,0.823588788509369,-0.555843353271484,2.42550158500671,2.6211291965114
38.980282444,0.774009704589844,-0.465085983276367,2.25450778007507,2.42862128069784
38.985037027,0.943216979503632,-0.598968505859375,1.77341961860657,2.09605312077104
38.989791715,1.07079362869263,-0.529487609863281,1.74424839019775,2.11408575298045
38.99454635,1.19730734825134,-0.369196891784668,1.57198309898376,2.01021941453432
38.999300985,1.26495170593262,-0.15645694732666,1.22852885723114,1.77027250663797
39.004055621,1.39998745918274,0.0465126037597656,1.01275026798248,1.7285228993207
39.008810308,1.4944589138031,0.120223999023438,0.773884236812592,1.68723385070764
39.013564944,1.45282912254334,0.158031463623047,0.435498803853989,1.52490839428575
39.018319579,1.31823599338532,0.231657981872559,0.128956869244576,1.3446343104901
39.023074215,1.19116950035095,0.307599067687988,0.0763192027807236,1.23260966478522
39.02782885,0.990567207336426,0.390645027160645,0.0909626036882401,1.06869131406846
39.032583485,0.690324187278748,0.430607795715332,0.151307746767998,0.827565460555773
39.037338121,0.321602463722229,0.425141334533691,0.371784806251526,0.649920949932206
39.042092808,-0.0369218587875366,0.326503753662109,0.616074621677399,0.698223362747713
39.046847444,-0.325684994459152,0.235173225402832,0.836629450321198,0.928076504770473
39.051602079,-0.434959173202515,0.186984062194824,0.995347917079926,1.10221141252631
39.056356715,-0.312338203191757,0.179490089416504,1.14476037025452,1.20010339166134
39.06111135,-0.0964236855506897,0.155303001403809,1.23947703838348,1.25288462280455
39.065865985,0.0862871110439301,0.112060546875,1.22207093238831,1.23022778195205
39.070620621,0.247809872031212,0.12625789642334,1.15963518619537,1.19252025313944
39.075375256,0.466876298189163,0.135686874389648,1.02121555805206,1.13104625091109
39.080129944,0.7289879322052,0.183357238769531,0.856906890869141,1.13988275797514
39.084884579,0.983823657035828,0.230981826782227,0.769421100616455,1.27014582726585
39.089639215,1.15497040748596,0.259454727172852,0.682383179664612,1.36635288322959
39.09439385,1.14933490753174,0.381105422973633,0.352001786231995,1.26099854504334
39.099148485,0.981241345405579,0.612527847290039,0.00776055455207825,1.15675631307812
39.103903121,0.877503275871277,0.743277549743652,-0.0470740497112274,1.15095155470331
39.108657756,0.749577641487122,0.630112648010254,-0.0945653319358826,0.983794283274727
39.113412392,0.492709219455719,0.411952972412109,-0.170417577028275,0.664462020717531
39.118167079,0.138363182544708,0.241874694824219,-0.104951500892639,0.297762582974804
39.122921715,-0.227397620677948,0.110250473022461,0.103948310017586,0.273258295111384
39.12767635,-0.506771564483643,0.0863227844238281,0.29355576634407,0.591983132896315
39.132430985,-0.723960161209106,0.0886993408203125,0.442293286323547,0.853000140214969
39.137185621,-0.816899240016937,0.0838956832885742,0.492961198091507,0.957796218847475
39.141940256,-0.814359426498413,0.0695323944091797,0.464739143848419,0.940211944842257
39.146694892,-0.620816469192505,0.045623779296875,0.501098453998566,0.799120940945569
39.151449527,-0.303421914577484,-0.00932216644287109,0.501659870147705,0.586356876270473
39.156204163,-0.0246130526065826,-0.0689735412597656,0.413864314556122,0.420293733733368
39.16095885,0.187290802598,-0.0186128616333008,0.314275622367859,0.366324241855065
39.165713485,0.37285253405571,0.0723190307617188,0.281743705272675,0.47289382510544
39.170468121,0.500859022140503,0.110570907592773,0.22061325609684,0.558351049458206
39.175222756,0.628601431846619,0.0890350341796875,0.154891684651375,0.653497078344761
39.179977392,0.581740975379944,0.0245199203491211,0.0965465605258942,0.590207613708359
39.184732027,0.44902116060257,-0.0279560089111328,0.0837469696998596,0.457618941956107
39.189486663,0.211443826556206,-0.077972412109375,0.159376993775368,0.276023939149775
39.194241298,-0.0208702683448792,-0.120747566223145,0.320979505777359,0.343574425676123
39.198995985,-0.190493404865265,-0.132386207580566,0.417986780405045,0.478044761343644
39.203750621,-0.299929201602936,-0.139217376708984,0.433672249317169,0.545353668530541
39.208505256,-0.392311275005341,-0.12691593170166,0.473153829574585,0.627606832863626
39.213259892,-0.376963585615158,-0.112237930297852,0.529282987117767,0.659423519697083
39.218014527,-0.301807463169098,-0.178817749023438,0.501728415489197,0.612204978009552
39.222769163,-0.143019050359726,-0.226191520690918,0.483785957098007,0.552870604285942
39.227523798,0.0348860621452332,-0.235259056091309,0.482676386833191,0.538089542001439
39.232278433,0.210478469729424,-0.196500778198242,0.364689886569977,0.464663809026028
39.237033121,0.319171488285065,-0.102819442749023,0.280302971601486,0.437049233645303
39.241787756,0.425489604473114,-0.0211963653564453,0.282009124755859,0.510901003976873
39.246542392,0.49358469247818,0.0101509094238281,0.21199543774128,0.537281076564238
39.251297027,0.489987850189209,0.0319042205810547,0.14682337641716,0.51250665994352
39.256051663,0.484143078327179,-0.00849342346191406,0.182070598006248,0.517316500019643
39.260806298,0.385200977325439,-0.0344915390014648,0.152834534645081,0.415845950052831
39.265560933,0.257969617843628,-0.00786876678466797,0.17156133055687,0.309908908170679
39.270315569,0.0953225791454315,-0.00276756286621094,0.25724384188652,0.274350957147397
39.275070204,-0.0478814840316772,0.0501327514648438,0.357260227203369,0.363924166858859
39.27982484,-0.0856832265853882,0.0623540878295898,0.414227575063705,0.427567692336899
39.284579527,-0.120948106050491,0.0578422546386719,0.418623685836792,0.439567925493281
39.289334163,-0.132117956876755,0.0270605087280273,0.487491965293884,0.505802176634306
39.294088798,-0.0999990403652191,0.0512924194335938,0.496557354927063,0.50911681085727
39.298843433,-0.0655631721019745,0.132847785949707,0.412450134754181,0.438248990217381
39.303598069,0.0356278419494629,0.204741477966309,0.378625243902206,0.431909123823299
39.308352704,0.18197363615036,0.216805458068848,0.25649106502533,0.38197732568839
39.313107288,0.187132865190506,0.243192672729492,0.175092101097107,0.353296800396383
39.317861975,0.151741921901703,0.200251579284668,0.143894970417023,0.289537680414384
39.32261661,0.0495570003986359,0.193211555480957,0.131780564785004,0.239066347934911
39.327371298,-0.100333482027054,0.159893035888672,0.217579334974289,0.288050963458245
39.332125933,-0.221506506204605,0.112273216247559,0.2602299451828,0.35970825921486
39.336880569,-0.321087539196014,0.0862188339233398,0.243095025420189,0.4118568762739
39.341635204,-0.422987997531891,0.0625877380371094,0.266601204872131,0.503897086167317
39.34638984,-0.484186351299286,0.0341997146606445,0.273228228092194,0.557009612029976
39.351144475,-0.531124114990234,0.0631866455078125,0.272546947002411,0.600305935348823
39.35589911,-0.508861005306244,0.0801811218261719,0.240730226039886,0.56861197379918
39.360653746,-0.465439766645432,0.0827960968017578,0.156247675418854,0.497898288904828
39.365408433,-0.40801328420639,0.0543270111083984,0.0980352163314819,0.423127838680011
39.370163017,-0.343659728765488,0.0354404449462891,0.0541743040084839,0.349704002733688
39.374917704,-0.284275740385056,0.00223445892333984,0.0437608361244202,0.287632926064559
39.37967234,-0.239416390657425,0.00251483917236328,0.0404132604598999,0.242816317722865
39.384426975,-0.235351830720902,0.017125129699707,0.0824158191680908,0.2499522385178
39.38918161,-0.190728187561035,-0.00413227081298828,0.131478369235992,0.231691343751434
39.393936246,-0.141487509012222,-0.0205898284912109,0.144570887088776,0.203330759201397
39.398690881,-0.109141707420349,-0.0322551727294922,0.186257064342499,0.218275061525416
39.403445517,-0.110222578048706,-0.0462913513183594,0.235048830509186,0.26370411191773
39.408200152,-0.0778365731239319,-0.0483646392822266,0.290880262851715,0.304973765700035
39.412954788,-0.0359213948249817,-0.0193662643432617,0.349077343940735,0.351454678235336
39.417709475,-0.0107203722000122,0.0669546127319336,0.292550086975098,0.300305510997263
39.42246411,-0.0213926434516907,0.138824462890625,0.224029123783112,0.264421869356055
39.427218746,0.00372761487960815,0.158024787902832,0.277355134487152,0.31923596183828
39.431973381,0.00724554061889648,0.150908470153809,0.294663190841675,0.331137826682516
39.436728017,-0.0322043299674988,0.110349655151367,0.276112079620361,0.299085348643095
39.441482652,-0.066472589969635,0.0859508514404297,0.265254139900208,0.286645971216769
39.446237288,-0.126567840576172,0.0759916305541992,0.261617183685303,0.30039590040783
39.450991923,-0.188551902770996,0.0945844650268555,0.26508766412735,0.338776490824665
39.455746558,-0.219232022762299,0.0845451354980469,0.280337274074554,0.365786203917512
39.460501194,-0.29716956615448,0.0864534378051758,0.27653956413269,0.415039851685924
39.465255829,-0.341357409954071,0.0598621368408203,0.241820812225342,0.422593968228399
39.470010517,-0.349704265594482,0.0477132797241211,0.216717183589935,0.414169009101553
39.474765152,-0.329680025577545,0.0617532730102539,0.182277321815491,0.381742593956344
39.479519788,-0.34315013885498,0.0353326797485352,0.102986335754395,0.360009168503417
39.484274423,-0.323564648628235,0.0328407287597656,0.0717447400093079,0.33304639770817
39.489029058,-0.285328567028046,0.0137519836425781,0.002799391746521,0.28567349336355
39.493783694,-0.278419554233551,-0.00518894195556641,-0.0513972640037537,0.283171418129194
39.498538329,-0.27173924446106,-0.00263118743896484,-0.0363914370536804,0.274177819705458
39.503292965,-0.253365755081177,0.0164985656738281,-0.0121890306472778,0.254194769783465
39.5080476,-0.240004897117615,-0.00724887847900391,0.0354822874069214,0.242721835851799
39.512802235,-0.224556803703308,0.0118961334228516,0.0281327962875366,0.226624646291652
39.517556871,-0.190497279167175,0.0949287414550781,0.00181984901428223,0.212847342418872
39.522311558,-0.213792979717255,0.129792213439941,0.00392812490463257,0.250137736080121
39.527066194,-0.182512044906616,0.190442085266113,0.0580068826675415,0.270080789419215
39.531820829,-0.192120790481567,0.219718933105469,0.0189985632896423,0.292485475036519
39.536575465,-0.22091805934906,0.248726844787598,-0.0317142009735107,0.334179028079167
39.5413301,-0.235456585884094,0.270347595214844,0.017410933971405,0.358930030363021
39.546084735,-0.299976527690887,0.237195014953613,0.0588893294334412,0.386930672608734
39.550839371,-0.369041085243225,0.216160774230957,0.0667456388473511,0.432864624586908
39.555594006,-0.416276216506958,0.20240592956543,0.150335371494293,0.486677277746682
39.560348642,-0.413497984409332,0.148410797119141,0.216488182544708,0.489768803614144
39.565103277,-0.346873164176941,0.109086990356445,0.282001852989197,0.460158677610768
39.569857913,-0.245231807231903,0.0795736312866211,0.301797926425934,0.396928948893071
39.574612548,-0.165819585323334,0.0289497375488281,0.31665825843811,0.358617727975076
39.579367235,-0.0277954936027527,0.00247097015380859,0.307655155658722,0.308918095879011
39.584121871,0.0900411009788513,-0.0332765579223633,0.294037699699402,0.309310358729157
39.588876506,0.180783271789551,-0.0853357315063477,0.256761908531189,0.325409674261901
39.593631142,0.240014731884003,-0.101362228393555,0.229363977909088,0.347115553135462
39.598385777,0.253758609294891,-0.0626754760742188,0.204589545726776,0.331931512985881
39.603140413,0.210573673248291,0.0207757949829102,0.113565027713776,0.240145624657374
39.607895048,0.198671758174896,0.0750646591186523,0.0849586725234985,0.228742533390402
39.612649683,0.167870461940765,0.105168342590332,0.1063152551651,0.224819495943354
39.617404319,0.101729214191437,0.101802825927734,0.0538889765739441,0.153677162203975
39.622158954,0.0313934683799744,0.110329627990723,0.0446049571037293,0.123076313187068
39.62691359,-0.0455671548843384,0.111656188964844,0.0779735445976257,0.14360829988383
39.631668225,-0.1052505671978,0.108222007751465,0.1536905169487,0.215430870251167
39.636422913,-0.117059409618378,0.0905771255493164,0.140956461429596,0.204391401658027
39.641177548,-0.147766262292862,0.0612096786499023,0.168571829795837,0.232374600232349
39.645932183,-0.135404884815216,0.0392017364501953,0.224275171756744,0.264897360573958
39.650686819,-0.0946336090564728,-0.00398063659667969,0.217734813690186,0.237444339842979
39.655441454,-0.0422512590885162,-0.0681514739990234,0.23257702589035,0.246011921001412
39.66019609,0.0476242899894714,-0.0867137908935547,0.204511523246765,0.227183444970897
39.664950673,0.0846732258796692,-0.0410490036010742,0.18147611618042,0.204421517021667
39.66970536,0.147505879402161,-0.0289850234985352,0.122991561889648,0.194229349845667
39.674459996,0.183812469244003,0.023320198059082,0.0887340903282166,0.205437567824068
39.679214631,0.184206753969193,0.063323974609375,0.0808201432228088,0.210888476495874
39.683969267,0.168082416057587,0.0982484817504883,0.0444024801254272,0.199689867032157
39.688723902,0.0951922237873077,0.0996589660644531,0.0437175631523132,0.14458455766293
39.69347859,0.0441963076591492,0.0535926818847656,0.0974462032318115,0.119671432207521
39.698233225,-0.00886726379394531,0.00553607940673828,0.131807088851929,0.132220971158169
39.70298786,-0.0780968368053436,-0.0136432647705078,0.154074490070343,0.173274934953198
39.707742496,-0.149051696062088,-0.0279140472412109,0.185636043548584,0.239700527318447
39.712497131,-0.162454903125763,0.000635147094726563,0.209690153598785,0.265258288235665
39.717251767,-0.147254556417465,0.0289468765258789,0.25013655424118,0.291702111432125
39.722006402,-0.120354443788528,0.0380411148071289,0.216678559780121,0.250762670315585
39.726761038,-0.0533837378025055,0.0351934432983398,0.209585428237915,0.219122006294736
39.731515673,0.0581188201904297,0.00864028930664063,0.185878396034241,0.194944171423236
39.736270308,0.107050657272339,-0.00582122802734375,0.164805591106415,0.196607763778852
39.741024944,0.158047914505005,0.0106887817382813,0.134427487850189,0.207759820042622
39.745779579,0.182621821761131,0.0413017272949219,0.120920419692993,0.222886317120697
39.750534267,0.183308467268944,0.0526828765869141,0.1312615275383,0.231532002690015
39.755288902,0.153189063072205,0.0402431488037109,0.148586690425873,0.217173673916273
39.760043538,0.0949026346206665,0.0207929611206055,0.149160742759705,0.178010630218348
39.764798173,0.0466558933258057,-0.0293397903442383,0.154413223266602,0.163954381457325
39.769552808,0.0273463129997253,-0.0458383560180664,0.202267467975616,0.209191549347446
39.774307444,0.00115275382995605,-0.0432147979736328,0.152432501316071,0.158444043948544
39.779062079,-0.0176286101341248,-0.0334930419921875,0.150451481342316,0.155139292235232
39.783816715,0.0302025675773621,-0.009613037109375,0.162763059139252,0.165820442018163
39.78857135,0.0444433689117432,0.00695514678955078,0.120439469814301,0.128566142495757
39.793325985,0.0443483293056488,0.0257568359375,0.0903179049491882,0.103862952317581
39.798080569,0.0443231761455536,0.0135583877563477,0.12444281578064,0.132794533854355
39.802835256,0.0680904984474182,-0.0127735137939453,0.148729383945465,0.16407287491313
39.807589892,0.0869772434234619,-0.031764030456543,0.165748000144959,0.189858879319461
39.812344527,0.0939628481864929,-0.0695743560791016,0.196799695491791,0.228909868744886
39.817099215,0.115245491266251,-0.0904560089111328,0.210979878902435,0.256858564402701
39.82185385,0.117545872926712,-0.111153602600098,0.220349311828613,0.273360521722554
39.826608485,0.157848849892616,-0.105573654174805,0.248676657676697,0.312893170173937
39.831363121,0.217026755213738,-0.0834226608276367,0.217450082302094,0.318346495365276
39.836117756,0.266337156295776,-0.0353460311889648,0.148633182048798,0.307045022025245
39.840872392,0.286925911903381,-0.00664424896240234,0.144457936286926,0.321307827981422
39.845627027,0.331173717975616,0.0384349822998047,0.116654455661774,0.353215998176646
39.850381663,0.341937184333801,0.0641613006591797,0.0677376985549927,0.35443773266673
39.855136298,0.298252105712891,0.101545333862305,0.0690646171569824,0.322545647520503
39.859890933,0.264526128768921,0.074554443359375,0.134334683418274,0.305905614520535
39.864645569,0.195599064230919,0.0905017852783203,0.127885699272156,0.250607899206914
39.869400204,0.122611537575722,0.132411956787109,0.130869626998901,0.222920108374515
39.87415484,0.0953124165534973,0.162102699279785,0.157384872436523,0.24521773984547
39.878909475,0.0824823379516602,0.18205451965332,0.197910785675049,0.281275422471798
39.883664163,0.0673952102661133,0.185232162475586,0.211993753910065,0.289472658603669
39.888418798,0.0453215539455414,0.171774864196777,0.157148629426956,0.237184187821682
39.893173433,0.00924396514892578,0.163173675537109,0.135926723480225,0.212572748573362
39.897928069,-0.000382930040359497,0.168880462646484,0.145673096179962,0.223027819452558
39.902682704,0.00193914771080017,0.134200096130371,0.114942401647568,0.176706484860505
39.90743734,-0.0360872745513916,0.0855712890625,0.0820342600345612,0.123912697960231
39.912191975,-0.0359483361244202,0.0468358993530273,0.0731265544891357,0.0939860484847285
39.91694661,-0.0832038223743439,0.0131692886352539,0.0714089870452881,0.110433462554129
39.921701246,-0.099161684513092,-0.00360488891601563,0.0625857710838318,0.117315871226909
39.926455881,-0.136278003454208,-0.00125885009765625,0.0585204064846039,0.148316947461026
39.931210517,-0.128047794103622,-0.0250396728515625,0.0519924461841583,0.140450835709616
39.935965152,-0.0914035737514496,-0.00828742980957031,0.0597465336322784,0.109512296425827
39.940719788,-0.0431338846683502,-0.0462436676025391,0.0437012910842896,0.0768687949843788
39.945474423,-0.00949427485466003,-0.0554141998291016,0.0253541469573975,0.061674205026516
39.950229058,0.0239188075065613,-0.0384111404418945,0.0165389776229858,0.0481774100943223
39.954983694,0.0523051917552948,0.00217628479003906,0.0149172842502594,0.0544343151830585
39.959738381,0.0733340978622437,-0.00503253936767578,0.00133436918258667,0.0735186840393092
39.964493017,0.0894991159439087,-0.0311622619628906,-0.0027015209197998,0.0948075763885205
39.969247652,0.0652510523796082,-0.0286035537719727,0.0240838229656219,0.075205675674592
39.974002288,0.0317114591598511,-0.0379343032836914,0.0529071986675262,0.0724140848075226
39.978756923,0.0294144153594971,-0.059046745300293,0.0625051856040955,0.0908769728198575
39.983511558,0.00104239583015442,-0.0111780166625977,0.0695897340774536,0.070489472508643
39.988266194,-0.0342061817646027,0.0244264602661133,0.0765542984008789,0.0873342741178734
39.993020829,-0.0121586918830872,0.062108039855957,0.0834586918354034,0.104740611254345
39.997775465,-0.0141274631023407,0.0899829864501953,0.0523369014263153,0.105050817774598
40.0025301,-0.0184424519538879,0.0630464553833008,0.0426494181156158,0.0783195533444275
40.007284735,0.00818681716918945,0.0197238922119141,0.0424131751060486,0.0474861382081685
40.012039371,0.0181038975715637,-0.00425434112548828,0.0278820693492889,0.0335150759642918
40.016794006,0.00190052390098572,-0.032780647277832,0.00386369228363037,0.033062228374906
40.021548642,-0.0235945880413055,-0.0326023101806641,0.0296941995620728,0.0500136051648684
40.026303277,-0.0252008438110352,-0.0537843704223633,0.0195998251438141,0.0625459365281731
40.031057913,-0.045768141746521,-0.0273361206054688,0.00246536731719971,0.0533672589205693
40.0358126,-0.0590937733650208,0.0131196975708008,-0.00990322232246399,0.0613373811572834
40.040567235,-0.0558119416236877,0.062718391418457,0.00613012909889221,0.0841792607041295
40.045321871,-0.06205153465271,0.11190128326416,-0.0231623351573944,0.13003377991455
40.050076506,-0.0825352370738983,0.153546333312988,-0.0452618002891541,0.180103227061936
40.054831142,-0.147995978593826,0.147381782531738,-0.0816325545310974,0.224250024440243
40.059585777,-0.15123063325882,0.143635749816895,-0.065610408782959,0.218647338886144
40.064340413,-0.149755567312241,0.128050804138184,-0.0759881138801575,0.211182224234215
40.069095048,-0.16732931137085,0.0912361145019531,-0.076905369758606,0.205517792249148
40.073849683,-0.153965324163437,0.0689554214477539,-0.0827358663082123,0.187897298452
40.078604319,-0.190650552511215,0.0634593963623047,-0.0910637676715851,0.22060674953873
40.083358954,-0.215274661779404,0.0698623657226563,-0.123226493597031,0.257698853068503
40.08811359,-0.21844556927681,0.0880661010742188,-0.145810633897781,0.27701055187981
40.092868225,-0.190849274396896,0.127460479736328,-0.15421000123024,0.276496553164533
40.09762286,-0.170761674642563,0.157022476196289,-0.184075653553009,0.296140935685214
40.102377496,-0.150950044393539,0.164976119995117,-0.194889605045319,0.29662264617823
40.107132183,-0.164574652910233,0.172855377197266,-0.227200329303741,0.329520541760694
40.111886819,-0.178196847438812,0.194891929626465,-0.254786491394043,0.366951136893654
40.116641454,-0.168145209550858,0.185882568359375,-0.208883434534073,0.32627814811527
40.12139609,-0.174954444169998,0.162702560424805,-0.213364779949188,0.320321260653091
40.126150725,-0.174701005220413,0.0946283340454102,-0.253574699163437,0.322141414420841
40.13090536,-0.217275470495224,0.041346549987793,-0.23910516500473,0.32571375041093
40.135659996,-0.252560645341873,-0.011505126953125,-0.217912584543228,0.33377408830528
40.140414631,-0.273501366376877,-0.0235939025878906,-0.228012800216675,0.356860626452394
40.145169163,-0.31823992729187,-0.00712490081787109,-0.224060326814652,0.389269117175621
40.149923902,-0.37471267580986,0.00444889068603516,-0.206118017435074,0.427684485517405
40.154678538,-0.409716337919235,0.0135374069213867,-0.262091994285584,0.48656238285825
40.159433173,-0.480313986539841,0.024907112121582,-0.317873805761337,0.576511618520588
40.164187808,-0.550563931465149,0.0266733169555664,-0.271553367376328,0.614469966557517
40.168942444,-0.630073547363281,0.0853471755981445,-0.233123034238815,0.677217221105785
40.173697079,-0.687970817089081,0.0652170181274414,-0.216648399829865,0.724219327116098
40.178451715,-0.693758964538574,0.102170944213867,-0.236186683177948,0.739949019885687
40.18320635,-0.681092917919159,0.150660514831543,-0.269965946674347,0.747975778974638
40.187960985,-0.669050812721252,0.186861038208008,-0.341708093881607,0.774151444503816
40.192715621,-0.64102053642273,0.196637153625488,-0.339637875556946,0.751616514463628
40.197470256,-0.585212469100952,0.118525505065918,-0.295276433229446,0.666115681667282
40.202224892,-0.629806041717529,0.0529193878173828,-0.2207290828228,0.669460558804373
40.206979579,-0.624489665031433,-0.0382461547851563,-0.161267876625061,0.646109462953514
40.211734215,-0.562616527080536,-0.0788326263427734,-0.107334718108177,0.578163196019623
40.21648885,-0.451774507761002,-0.126201629638672,-0.0848703235387802,0.476686510196931
40.221243485,-0.294689744710922,-0.10673999786377,-0.0223710834980011,0.314222752452175
40.225998121,-0.172356963157654,-0.0637063980102539,0.0252522975206375,0.185480744085311
40.230752756,-0.044094443321228,-0.0139017105102539,0.0487451553344727,0.0671838347781798
40.235507392,0.0282988548278809,0.0497398376464844,0.01504085958004,0.0591701283636818
40.240262027,0.140192255377769,0.0748996734619141,0.0217819064855576,0.160431546158331
40.245016663,0.343511492013931,0.066645622253418,0.108851976692677,0.366456732699899
40.249771298,0.523837745189667,-0.0316705703735352,0.233098983764648,0.574233527883292
40.254525933,0.681649625301361,-0.0769281387329102,0.270947992801666,0.737547940818526
40.259280569,0.769853413105011,-0.126504898071289,0.346495926380157,0.853661053289598
40.264035204,0.879186391830444,-0.166132926940918,0.440455436706543,0.997281230505289
40.268789788,0.99049186706543,-0.162675857543945,0.52205628156662,1.13140635249833
40.273544475,1.09194839000702,-0.135473251342773,0.579473912715912,1.24358124132949
40.27829911,1.17420375347137,-0.117942810058594,0.650927901268005,1.34772849408178
40.283053746,1.22323799133301,-0.102885246276855,0.650882303714752,1.38944029401442
40.287808381,1.23926782608032,-0.111639022827148,0.568074285984039,1.3678290867546
40.292563069,1.31052553653717,-0.0870628356933594,0.47183832526207,1.3955961179586
40.297317652,1.38203692436218,-0.0792627334594727,0.445330530405045,1.45417602872788
40.30207234,1.35183238983154,-0.0287847518920898,0.397866308689117,1.40945981557796
40.306826975,1.26346743106842,-0.0119142532348633,0.308267086744308,1.30058467451012
40.31158161,1.19080758094788,-0.0260047912597656,0.309751033782959,1.23070900173071
40.316336246,1.12168681621552,-0.0897836685180664,0.292358785867691,1.16263325278365
40.321090881,1.03240478038788,-0.150640487670898,0.225516229867935,1.0674313828192
40.325845517,0.946913003921509,-0.25130558013916,0.23284250497818,1.00698280210203
40.330600152,0.829646229743958,-0.301287651062012,0.214012011885643,0.9082335913421
40.335354788,0.725947558879852,-0.391169548034668,0.195340633392334,0.847449961123004
40.340109423,0.694846451282501,-0.530112266540527,0.172080516815186,0.890753787678729
40.344864058,0.659870088100433,-0.727197647094727,0.130092829465866,0.990539800002108
40.349618694,0.694661855697632,-0.891779899597168,0.131225973367691,1.13800120350249
40.354373329,0.741756677627564,-0.90787410736084,0.151568397879601,1.1821215431829
40.359127965,0.729931831359863,-0.698423385620117,0.138990178704262,1.01976172402659
40.3638826,0.683130383491516,-0.227352142333984,0.0250741690397263,0.720406018454976
40.368637235,0.660804152488709,0.270642280578613,-0.108778029680252,0.722317126838504
40.373391871,0.634119808673859,0.698056221008301,-0.101344309747219,0.948504659218446
40.378146506,0.527361214160919,0.887028694152832,-0.0109196603298187,1.0320121091506
40.382901142,0.270015597343445,0.806334495544434,0.0429419875144959,0.851426893987575
40.387655829,-0.0536239147186279,0.536528587341309,0.268994510173798,0.602574888099274
40.392410465,-0.350485920906067,0.240532875061035,0.642242848873138,0.770176811951117
40.3971651,-0.508325934410095,0.00400257110595703,0.890513241291046,1.02539022283423
40.401919735,-0.522672355175018,-0.119916915893555,0.926189541816711,1.07023059428904
40.406674371,-0.39849454164505,-0.0620698928833008,0.845228731632233,0.936515979628792
40.411428954,-0.217271193861961,0.131909370422363,0.693233847618103,0.738363068666646
40.416183642,-0.124888941645622,0.382993698120117,0.429615765810013,0.588940681883677
40.420938277,-0.0973861962556839,0.528629302978516,0.178321063518524,0.566331539721283
40.425692913,-0.082033783197403,0.592853546142578,0.013137012720108,0.598646347907274
40.430447548,-0.119314104318619,0.434788703918457,-0.0709879547357559,0.456416873331839
40.435202183,-0.0729632675647736,0.0117034912109375,-0.102949663996696,0.12672507027927
40.439956819,0.0237316787242889,-0.508792877197266,-0.0994919091463089,0.518972084458617
40.444711454,0.154432311654091,-0.933019638061523,0.032817929983139,0.94628325591213
40.44946609,0.259462028741837,-1.11295413970947,0.098382443189621,1.14702509413842
40.454220725,0.41048589348793,-0.943777084350586,0.167042911052704,1.04264912018897
40.45897536,0.298843622207642,-0.440277099609375,0.341716378927231,0.632393483996923
40.463729996,-0.2959024310112,0.301513671875,-0.0108635723590851,0.422595267614634
40.468484631,-0.903332233428955,0.882225036621094,-0.355200797319412,1.31167745486807
40.473239267,-1.3133909702301,1.09417533874512,-0.493568420410156,1.77927662217715
40.477993902,-1.70501053333282,0.959359169006348,-0.517470479011536,2.0236616887664
40.482748538,-2.12549138069153,0.530817031860352,-0.427621304988861,2.23211565811169
40.487503225,-2.65129566192627,0.0000934600830078125,-0.406023889780045,2.68220508066702
40.49225786,-3.11543369293213,-0.403301239013672,-0.473993211984634,3.17698733857316
40.497012496,-3.32733249664307,-0.686726570129395,-0.482805281877518,3.43159377921506
40.501767131,-3.28509187698364,-0.757166862487793,-0.558669745922089,3.41719800170874
40.506521767,-3.12252187728882,-0.54080867767334,-0.792150139808655,3.26651477020891
40.511276402,-2.99009966850281,-0.0905656814575195,-1.08525812625885,3.18224502055535
40.516031038,-2.83305382728577,0.387772560119629,-1.29733312129974,3.14000553730429
40.520785673,-2.5822868347168,0.71973991394043,-1.42153561115265,3.03430294042072
40.525540308,-2.29777073860168,0.943761825561523,-1.4127459526062,2.85767175812173
40.530294944,-2.11547946929932,1.00265026092529,-1.1638355255127,2.61439745662474
40.535049579,-1.98729038238525,0.839271545410156,-0.806433141231537,2.30304889269261
40.539804215,-1.84151911735535,0.561426162719727,-0.517222821712494,1.99346719137077
40.54455885,-1.5490415096283,0.18837833404541,-0.298335790634155,1.58871653836125
40.549313485,-1.17899239063263,-0.150704383850098,-0.142393887042999,1.19708432766806
40.554068121,-0.802571773529053,-0.391323089599609,0.0223806500434876,0.893171935080655
40.558822756,-0.443342238664627,-0.540770530700684,0.246390342712402,0.741413048469203
40.563577392,-0.0152125656604767,-0.560947418212891,0.549077451229096,0.785098385937662
40.568332027,0.417090862989426,-0.473553657531738,0.651278793811798,0.906852756416333
40.573086663,0.719767332077026,-0.269186019897461,0.534425795078278,0.936021931408963
40.577841298,0.962329268455505,-0.00294017791748047,0.475773513317108,1.07352070382755
40.582595933,1.05665397644043,0.160243988037109,0.565778195858002,1.20925627082837
40.587350569,1.05351841449738,0.158376693725586,0.682269036769867,1.26509891523762
40.592105204,1.00833237171173,0.034693717956543,0.810639023780823,1.29424628752946
40.59685984,0.887976050376892,-0.127010345458984,1.08695113658905,1.40928913542565
40.601614475,0.776048421859741,-0.276524543762207,1.39653706550598,1.62142923117414
40.606369163,0.693599700927734,-0.292052268981934,1.56554079055786,1.73703570482736
40.611123798,0.747609317302704,-0.226362228393555,1.45583176612854,1.65215183352804
40.615878433,0.94732391834259,-0.0485029220581055,1.10605597496033,1.45709812965962
40.620633069,1.20908629894257,0.18405818939209,0.752746820449829,1.43610405997276
40.625387704,1.47820150852203,0.296841621398926,0.498266100883484,1.58791175928677
40.63014234,1.55679285526276,0.309123039245605,0.289808928966522,1.61342810899598
40.634896975,1.33775663375855,0.242545127868652,0.096082329750061,1.36295735968078
40.639651558,0.976513385772705,0.202354431152344,-0.0424820184707642,0.998163528833633
40.644406246,0.523045897483826,0.0857753753662109,-0.0997862815856934,0.539343793777748
40.649160881,0.173283353447914,-0.104713439941406,-0.0376456379890442,0.205934987668729
40.653915517,-0.0656824111938477,-0.304512977600098,0.139178991317749,0.341193675632098
40.658670152,-0.322944313287735,-0.475395202636719,0.175026893615723,0.600772870279329
40.663424788,-0.548488974571228,-0.502676010131836,0.115246832370758,0.752864635083726
40.668179423,-0.630413413047791,-0.357843399047852,0.275155603885651,0.775360287829059
40.672934058,-0.499977588653564,-0.191675186157227,0.465929508209229,0.709793824123832
40.677688694,-0.260315209627152,-0.0424766540527344,0.358281433582306,0.444897583891547
40.682443329,-0.0810385867953301,0.0156917572021484,0.0721210241317749,0.109612617502236
40.687197965,0.0261861123144627,-0.0456876754760742,-0.0678583979606628,0.0858943440649058
40.6919526,0.0761079713702202,-0.14280891418457,0.0669695138931274,0.175133449311512
40.696707235,0.0809909254312515,-0.251748085021973,0.249421358108521,0.363521171591339
40.701461871,0.0408864170312882,-0.272159576416016,0.362690269947052,0.45528756412499
40.706216506,0.0179124809801579,-0.292573928833008,0.423646926879883,0.515167040349453
40.710971142,0.00217165052890778,-0.301044464111328,0.532720565795898,0.611901696892564
40.715725829,-0.0184348449110985,-0.290435791015625,0.642231464385986,0.705091516086484
40.720480465,-0.0700674280524254,-0.220165252685547,0.644818782806397,0.68496236803484
40.7252351,-0.217160865664482,-0.0926828384399414,0.657535552978516,0.698642937091755
40.729989735,-0.359165698289871,0.115852355957031,0.732768476009369,0.824239896293512
40.734744371,-0.469899654388428,0.328869819641113,0.860882997512817,1.0344469918134
40.739499006,-0.530451059341431,0.491411209106445,0.948565542697907,1.19274468834939
40.744253642,-0.533920586109161,0.582036972045898,0.897839069366455,1.19580651594659
40.749008277,-0.490059435367584,0.593698501586914,0.758774697780609,1.08091405901274
40.753762913,-0.339251488447189,0.402253150939941,0.710529088973999,0.884166701551786
40.758517548,-0.122014380991459,0.199106216430664,0.6288982629776,0.670853053780264
40.763272183,0.0903042778372765,0.00337314605712891,0.468630909919739,0.477264256405439
40.768026819,0.245318382978439,-0.0845918655395508,0.263274073600769,0.369662184396728
40.772781454,0.328855335712433,-0.155742645263672,0.0775134563446045,0.372034863009839
40.77753609,0.317166924476624,-0.181419372558594,-0.000319719314575195,0.365387395707562
40.782290725,0.250846862792969,-0.264425277709961,0.0582599639892578,0.369105810668288
40.78704536,0.199049651622772,-0.376025199890137,0.21496570110321,0.476682249946816
40.791799996,0.152202904224396,-0.437342643737793,0.300190091133118,0.551859042600927
40.796554631,0.196416079998016,-0.388698577880859,0.426278471946716,0.609408891117956
40.801309267,0.286269187927246,-0.278030395507813,0.566953301429749,0.693315941533762
40.806063902,0.376194834709168,-0.103035926818848,0.67451798915863,0.779174867135664
40.810818538,0.478158682584763,0.0334491729736328,0.643870115280151,0.802697513547097
40.815573173,0.589741289615631,0.184064865112305,0.577759027481079,0.845860601448135
40.820327808,0.832808971405029,0.246058464050293,0.617035627365112,1.06529269030692
40.825082444,1.07373178005219,0.209966659545898,0.656531572341919,1.27593872858247
40.829837079,1.09558582305908,0.207321166992188,0.533866286277771,1.23624575776626
40.834591715,0.900845646858215,0.214208602905273,0.478416085243225,1.04225244333678
40.83934635,0.65646505355835,0.0968160629272461,0.461366653442383,0.808194843767716
40.844101038,0.434046864509583,-0.0371999740600586,0.46861457824707,0.639828212574554
40.848855673,0.224152103066444,-0.154364585876465,0.438003301620483,0.515673814452864
40.853610308,-0.0303032025694847,-0.187797546386719,0.441275715827942,0.480531434865922
40.858364944,-0.25762403011322,-0.156705856323242,0.416152238845825,0.51391589992349
40.863119579,-0.400752425193787,-0.0683221817016602,0.28370213508606,0.495739173622143
40.867874215,-0.324073374271393,-0.0397748947143555,0.201490879058838,0.383671954285282
40.87262885,-0.269335865974426,-0.0638179779052734,0.23158597946167,0.360896950509883
40.877383485,-0.241291522979736,-0.118904113769531,0.261764168739319,0.375340202175286
40.882138121,-0.282778143882751,-0.0974769592285156,0.239571571350098,0.383222877758318
40.886892756,-0.250081419944763,-0.085658073425293,0.188966751098633,0.324940694843374
40.891647392,-0.138484865427017,-0.128833770751953,0.167274832725525,0.252501619998483
40.896402027,0.0472086146473885,-0.222148895263672,0.234140038490295,0.326190653741079
40.901156663,0.177880570292473,-0.258015632629395,0.332157492637634,0.456664169695896
40.905911298,0.248918935656548,-0.291481018066406,0.37298309803009,0.534825403134089
40.910665933,0.363179802894592,-0.253241539001465,0.359017729759216,0.570021558002719
40.915420569,0.458565801382065,-0.184017181396484,0.342955112457275,0.601467477430712
40.920175204,0.465864777565002,-0.0169191360473633,0.298341393470764,0.553465297194283
40.92492984,0.440032750368118,0.216860771179199,0.187036514282227,0.525014355182611
40.929684475,0.395180076360703,0.40017032623291,0.109314441680908,0.57293387917788
40.93443911,0.321719288825989,0.499629020690918,0.0339604616165161,0.595219095856704
40.939193746,0.176644235849381,0.498616218566895,-0.0318565964698792,0.529939772252853
40.943948381,-0.113941960036755,0.404422760009766,-0.0546919703483582,0.423711872256985
40.948703017,-0.399376302957535,0.241063117980957,-0.0489360094070435,0.469049668192416
40.953457652,-0.576947331428528,0.0564098358154297,-0.0504082441329956,0.581885971557826
40.958212288,-0.704299449920654,-0.118434906005859,-0.0305353999137878,0.714840508622062
40.962966923,-0.843652725219727,-0.156838417053223,-0.0394669771194458,0.859014465604264
40.967721558,-0.973713517189026,-0.154567718505859,-0.0866120457649231,0.989702399528421
40.972476246,-0.99894392490387,-0.0997352600097656,-0.176590263843536,1.01932340720494
40.977230881,-0.936241805553436,-0.018681526184082,-0.237776339054108,0.966144557144788
40.981985517,-0.826122641563416,0.021662712097168,-0.229697287082672,0.857734653428588
40.986740152,-0.718717932701111,0.0954227447509766,-0.252802312374115,0.767834602074996
40.991494788,-0.580650568008423,0.130887985229492,-0.271382093429565,0.65416740016616
40.996249423,-0.411913961172104,0.171112060546875,-0.290166974067688,0.532117770341011
41.001004058,-0.418189138174057,0.206536293029785,-0.299657464027405,0.554377120174148
41.005758694,-0.422479718923569,0.234762191772461,-0.316421091556549,0.577689109097086
41.010513329,-0.42473116517067,0.165002822875977,-0.276044309139252,0.532750368214272
41.015267965,-0.45736300945282,0.104168891906738,-0.267491579055786,0.539985023239141
41.0200226,-0.537222445011139,0.0794544219970703,-0.199920475482941,0.578696083549872
41.024777235,-0.628296673297882,0.0976648330688477,-0.104552388191223,0.644380579449784
41.029531871,-0.664301037788391,0.118106842041016,-0.0124626159667969,0.674833617820253
41.034286506,-0.581762552261353,0.095677375793457,0.00525403022766113,0.589601078938971
41.039041142,-0.391181021928787,0.0758190155029297,0.0298304557800293,0.39957598916993
41.043795777,-0.233164444565773,0.0703792572021484,0.0967420935630798,0.262064745284365
41.048550413,-0.0955781191587448,0.0934610366821289,0.217612624168396,0.255392631916187
41.053305048,0.0147191360592842,0.125835418701172,0.252119064331055,0.282161705702949
41.058059683,0.176181480288506,0.162675857543945,0.231880962848663,0.333574773560487
41.062814319,0.367112517356873,0.12328052520752,0.252202808856964,0.46214277565584
41.067568954,0.549536943435669,0.0296316146850586,0.310430228710175,0.631851099299916
41.07232359,0.650155127048492,-0.0561246871948242,0.287557661533356,0.713120661912618
41.077078225,0.641239523887634,-0.115084648132324,0.286396980285645,0.71165710391179
41.08183286,0.561703383922577,-0.111888885498047,0.33766508102417,0.664866543865104
41.086587496,0.473794549703598,-0.101631164550781,0.329464912414551,0.585966976415148
41.091342183,0.424968093633652,-0.105724334716797,0.286018371582031,0.523050690125122
41.096096767,0.312898635864258,-0.102678298950195,0.235922515392303,0.405102237305659
41.100851402,0.192599684000015,-0.130515098571777,0.17449015378952,0.290818917888085
41.105605985,0.0735973045229912,-0.113052368164063,0.161134541034699,0.210146952143055
41.110360673,-0.0680378004908562,-0.088627815246582,0.190712094306946,0.221031976976086
41.11511536,-0.149153023958206,-0.0715475082397461,0.220273554325104,0.275474334968266
41.119869996,-0.168050140142441,-0.0546302795410156,0.218974649906158,0.281380906150627
41.124624631,-0.115535601973534,-0.0117645263671875,0.203567802906036,0.23436452330509
41.129379267,-0.0729200914502144,0.0259981155395508,0.240490257740021,0.252643634031371
41.134133902,0.0192680284380913,0.0326013565063477,0.296087682247162,0.298499616322101
41.138888538,0.110914647579193,0.0154104232788086,0.270666122436523,0.292915841203701
41.143643173,0.1426622569561,0.0149545669555664,0.219527184963226,0.262237189526039
41.148397808,0.16474337875843,0.0192384719848633,0.149945020675659,0.223593400784728
41.153152444,0.177294909954071,0.0590600967407227,0.1285640001297,0.22682654662097
41.157907079,0.1306112408638,0.0724334716796875,0.128884613513947,0.197274295487763
41.162661715,0.0132499076426029,0.11177921295166,0.0985294580459595,0.149593471125783
41.16741635,-0.0676176100969315,0.108086585998535,0.0661136507987976,0.143617081470084
41.172170985,-0.169141247868538,0.121029853820801,0.0482641458511353,0.213509753925085
41.176925621,-0.243752613663673,0.0935373306274414,0.0257650017738342,0.262351680393294
41.181680256,-0.339123368263245,0.0639152526855469,0.0104609131813049,0.345252442616489
41.186434892,-0.45282119512558,-0.00341987609863281,-0.0687738060951233,0.458026818769707
41.191189527,-0.515933215618134,-0.0678014755249023,-0.159379422664642,0.54422966055732
41.195944163,-0.483790546655655,-0.16010570526123,-0.156808853149414,0.533175530493109
41.200698798,-0.449621915817261,-0.239768981933594,-0.0831357836723328,0.516295061382025
41.205453433,-0.517741918563843,-0.209629058837891,-0.0598440766334534,0.561767167121343
41.210208069,-0.611548781394959,-0.0990686416625977,-0.0509811639785767,0.621615304563153
41.214962704,-0.600621342658997,-0.00366306304931641,-0.056427001953125,0.60327723464243
41.21971734,-0.485775351524353,0.0529823303222656,-0.109223008155823,0.500713975224972
41.224471975,-0.367398381233215,0.0996723175048828,-0.140281677246094,0.405703204794538
41.22922661,-0.340146541595459,0.148367881774902,-0.140464246273041,0.396790754154852
41.233981246,-0.339137017726898,0.161089897155762,-0.124263942241669,0.395481224712108
41.238735881,-0.324042975902557,0.0906858444213867,-0.0918175578117371,0.348795407843505
41.243490517,-0.249896556138992,0.00427532196044922,-0.0764209032058716,0.261355546324916
41.248245204,-0.231143042445183,-0.0529384613037109,-0.122898995876312,0.267083788245236
41.25299984,-0.210206866264343,-0.0337438583374023,-0.12159526348114,0.245175412105737
41.257754475,-0.149247452616692,0.0256252288818359,-0.0633601546287537,0.164152257561075
41.26250911,-0.0651028454303742,0.0963544845581055,-0.10752147436142,0.158377506693478
41.267263746,-0.0575793087482452,0.218692779541016,-0.234358668327332,0.325677592166641
41.272018381,-0.00981565937399864,0.337674140930176,-0.21106082201004,0.3983300681714
41.276773017,0.103743821382523,0.370282173156738,-0.20259040594101,0.434643003868771
41.281527652,0.256589114665985,0.310110092163086,-0.291751384735107,0.497116800683023
41.286282288,0.370318561792374,0.193525314331055,-0.408979058265686,0.584680899803297
41.291036923,0.45744776725769,0.0281162261962891,-0.380836188793182,0.595890245463947
41.295791558,0.342550873756409,-0.0694656372070313,-0.37207704782486,0.510497703601026
41.300546194,0.145653516054153,-0.0831756591796875,-0.323225021362305,0.364153197780241
41.305300829,0.0238526500761509,-0.0991506576538086,-0.239132523536682,0.259969547527898
41.310055413,-0.101684652268887,-0.0912714004516602,-0.181782126426697,0.227409275394966
41.3148101,-0.254388123750687,-0.0573606491088867,-0.134342670440674,0.293345384611245
41.319564735,-0.381917923688889,-0.0332050323486328,-0.0566809177398682,0.387526258521844
41.324319371,-0.441931337118149,-0.0234622955322266,0.046148419380188,0.444953326372515
41.329074006,-0.323788523674011,-0.0375099182128906,0.0838308334350586,0.336561451538571
41.333828642,-0.123795233666897,-0.0822849273681641,-0.0187876224517822,0.149830050083474
41.338583277,-0.0249213110655546,-0.0816011428833008,-0.0636631846427918,0.106455715412322
41.343337913,-0.0167444571852684,-0.0619516372680664,-0.00839787721633911,0.0647217625560682
41.348092548,-0.0228255987167358,-0.0401058197021484,0.0109899044036865,0.0474369342344218
41.352847183,-0.0359372161328793,-0.030308723449707,-0.00531494617462158,0.0473112129771709
41.357601819,-0.00627519190311432,-0.0490627288818359,0.0970922112464905,0.108965255395867
41.362356454,0.00658810511231422,-0.0723991394042969,0.205707371234894,0.218175528178172
41.36711109,-0.0826406180858612,-0.0291204452514648,0.230544805526733,0.246634100328029
41.371865725,-0.0811018496751785,0.0185279846191406,0.179420411586761,0.197768754682698
41.37662036,-0.0370617881417275,0.0610275268554688,0.192839503288269,0.205633190907557
41.381374996,0.0372621454298496,0.134007453918457,0.218122661113739,0.258696657263061
41.386129631,0.0373826175928116,0.258572578430176,0.126991033554077,0.290489175387402
41.390884267,0.0683140382170677,0.306184768676758,0.102937579154968,0.330169752687081
41.395638954,0.106034927070141,0.275112152099609,0.0718523859977722,0.303468066467003
41.40039359,0.110342979431152,0.2039794921875,-0.0350685119628906,0.234548517100632
41.405148225,0.00792178884148598,0.104990005493164,0.00809454917907715,0.105599136920319
41.40990286,-0.100811392068863,0.0471696853637695,0.152808010578156,0.189045507973696
41.414657496,-0.12339860200882,-0.0457735061645508,0.175481557846069,0.21935406535647
41.419412131,-0.0984248146414757,-0.097620964050293,0.0771311521530151,0.158639564396052
41.424166767,-0.175601452589035,-0.0897235870361328,0.0294809341430664,0.199387355917965
41.428921402,-0.195053547620773,-0.0510473251342773,0.0320513248443604,0.204154361371715
41.433676038,-0.126503616571426,-0.019810676574707,0.0796802043914795,0.150813006348478
41.438430673,-0.129708796739578,0.039642333984375,0.117364406585693,0.179360783139933
41.443185308,-0.163963779807091,0.117587089538574,0.0549696087837219,0.209123175675524
41.447939944,-0.0725769102573395,0.118961334228516,-0.00458914041519165,0.139428358498839
41.452694579,0.0890662148594856,0.0965871810913086,-0.129971027374268,0.184808934138163
41.457449215,0.119037799537182,0.0577878952026367,-0.244760572910309,0.278239423162836
41.46220385,0.0446572378277779,0.028813362121582,-0.282782316207886,0.287733065682505
41.466958485,-0.0788058936595917,-0.0378589630126953,-0.173667430877686,0.194432627157942
41.471713121,-0.172873109579086,-0.0754947662353516,-0.0632023811340332,0.198944999247241
41.476467756,-0.24270997941494,-0.119940757751465,-0.0722326040267944,0.280198980301656
41.481222392,-0.169772461056709,-0.161649703979492,-0.064521849155426,0.243138611389357
41.485977027,-0.0593713968992233,-0.115218162536621,0.0023835301399231,0.129637452011401
41.490731663,-0.0491430200636387,-0.000370025634765625,0.0260807275772095,0.055636118582286
41.495486298,-0.124244317412376,0.123013496398926,0.0234813690185547,0.176409595534204
41.500240933,-0.132456421852112,0.186057090759277,0.106261968612671,0.25189988226498
41.504995569,-0.0744029134511948,0.146550178527832,0.181234121322632,0.244660080700044
41.509750204,-0.0383145585656166,0.0480556488037109,0.196264505386353,0.205662604414544
41.51450484,-0.00485190749168396,-0.0164003372192383,0.173206627368927,0.174048981128104
41.519259475,0.0427291356027126,-0.0779495239257813,0.20734053850174,0.225592566845192
41.52401411,0.0379431359469891,-0.0535755157470703,0.18667608499527,0.19788374911098
41.528768746,0.0142019018530846,-0.00331592559814453,0.137824892997742,0.138594337938662
41.533523381,0.0688371509313583,-0.0388994216918945,0.136947095394135,0.15813356788867
41.538278069,0.180017322301865,-0.0931797027587891,0.133874714374542,0.242922070804229
41.543032704,0.181352406740189,-0.0971870422363281,0.0715684294700623,0.217844111019591
41.54778734,0.104602038860321,-0.0418376922607422,0.00497883558273315,0.112768647376833
41.552541975,0.0000335872173309326,-0.0154132843017578,-0.0184610486030579,0.0240495483656647
41.557296558,-0.0206928327679634,-0.0129365921020508,-0.0203487873077393,0.0317745478028147
41.562051246,-0.00555340945720673,-0.0365791320800781,0.00388169288635254,0.0372013548139736
41.566805881,-0.0330444611608982,-0.0315561294555664,0.00424319505691528,0.0458882384050816
41.571560517,-0.117017678916454,-0.00758743286132813,-0.000200033187866211,0.117263576312919
41.576315152,-0.150541216135025,-0.0194034576416016,0.0119441747665405,0.152255755998633
41.581069788,-0.138842314481735,-0.076197624206543,0.0452824234962463,0.164723295568842
41.585824423,-0.103642255067825,-0.0755844116210938,0.0499838590621948,0.137670281769162
41.590579058,-0.0829238593578339,-0.00854682922363281,-0.00935906171798706,0.0838868689177087
41.595333694,-0.121646605432034,0.0674247741699219,-0.0421091318130493,0.145317499865125
41.600088329,-0.15543831884861,0.0929403305053711,-0.0105839967727661,0.181413883119831
41.604842965,-0.115590408444405,0.0684213638305664,0.0158742070198059,0.135257591288943
41.6095976,-0.111682698130608,0.0369882583618164,0.011265754699707,0.118186604771128
41.614352235,-0.105453498661518,0.00345516204833984,0.00183480978012085,0.105526039685304
41.619106871,-0.123064130544662,-0.0274162292480469,0.0208397507667542,0.127791725338207
41.623861506,-0.119283370673656,-0.0200700759887695,0.0491772890090942,0.130574638516627
41.628616142,-0.1394172757864,-0.0104236602783203,0.0323135852813721,0.143492150569414
41.633370777,-0.147558465600014,-0.0079803466796875,0.0109039545059204,0.148175851363256
41.638125413,-0.162745088338852,0.0181694030761719,-0.000836312770843506,0.163758329270959
41.642880048,-0.161078244447708,0.0274982452392578,0.0325450301170349,0.166617926139154
41.647634683,-0.171236246824265,0.060481071472168,0.0394917130470276,0.185847807714459
41.652389319,-0.136238753795624,0.0481138229370117,0.0724215507507324,0.161619364577824
41.657143954,-0.0804253071546555,0.00738143920898438,0.107390582561493,0.134370580480302
41.66189859,-0.0347000062465668,-0.00455188751220703,0.00693929195404053,0.0356786194556204
41.666653225,-0.053530789911747,0.0263156890869141,-0.118717074394226,0.132860094510801
41.67140786,-0.0841628983616829,0.0474443435668945,-0.129551231861115,0.161610274654382
41.676162496,-0.0884081795811653,0.0541667938232422,-0.126112401485443,0.163261708855355
41.680917131,-0.149533540010452,0.0299930572509766,-0.136991679668427,0.205003861840929
41.685671767,-0.200583636760712,0.00602626800537109,-0.116990745067596,0.232286344139506
41.690426402,-0.23702472448349,-0.00111579895019531,-0.0689116716384888,0.246841616247712
41.69518109,-0.211473435163498,-0.0295419692993164,-0.0166016817092896,0.214171327598977
41.699935673,-0.188739955425262,-0.0173988342285156,0.00442749261856079,0.189591911476542
41.70469036,-0.166318982839584,0.006500244140625,0.0253372192382813,0.168363392414772
41.709444996,-0.170259237289429,0.0396900177001953,-0.00612771511077881,0.174931570277919
41.714199631,-0.181417033076286,0.0631113052368164,0.0077473521232605,0.192237348618365
41.718954267,-0.192661821842194,0.0626134872436523,0.0285665392875671,0.204585125430057
41.723708902,-0.146935760974884,0.00517177581787109,0.0421499609947205,0.152949286792175
41.728463538,-0.0896138399839401,-0.0280647277832031,0.0390117168426514,0.101686691917988
41.733218173,-0.075372613966465,-0.0420312881469727,0.0476477742195129,0.0985797672319492
41.737972808,-0.0564572364091873,-0.0416450500488281,0.075191855430603,0.102837468170064
41.742727444,0.00263532996177673,-0.0270271301269531,0.0621715784072876,0.0678433186729556
41.747482079,0.089602641761303,-0.0362577438354492,0.0658694505691528,0.11697026082267
41.752236715,0.156868755817413,0.00440597534179688,0.0601605176925659,0.168066971947058
41.75699135,0.185682967305183,-0.00509357452392578,0.0284019112586975,0.187911621279354
41.761745985,0.176479548215866,0.00684070587158203,0.013518214225769,0.177128677269243
41.766500621,0.150758400559425,0.0234212875366211,0.00113284587860107,0.152571083069151
41.771255256,0.103916600346565,0.00190639495849609,0.0670931339263916,0.123708458843324
41.776009892,0.00764913111925125,-0.00519752502441406,0.108835220336914,0.109227417158164
41.780764527,-0.0853865146636963,-0.000385284423828125,0.114696800708771,0.142990773909817
41.785519163,-0.151552498340607,-0.00747966766357422,0.132429003715515,0.201398972705228
41.790273798,-0.179176241159439,-0.0429954528808594,0.197576999664307,0.270165514381101
41.795028433,-0.170885384082794,-0.0355215072631836,0.210152387619019,0.273180559325415
41.799783069,-0.162611484527588,0.0762834548950195,0.146754741668701,0.231945283619292
41.804537704,-0.0644216537475586,0.170559883117676,0.107440650463104,0.211623053027359
41.80929234,0.0917915850877762,0.19762134552002,0.0042768120765686,0.217940777321748
41.814046975,0.251168370246887,0.120059013366699,-0.195304930210114,0.340064306664842
41.81880161,0.267005681991577,0.031280517578125,-0.336276292800903,0.430525551036941
41.823556246,0.15493455529213,0.00969886779785156,-0.255638360977173,0.299081520765201
41.828310881,0.020355261862278,-0.052027702331543,-0.125954985618591,0.137789248120313
41.833065517,-0.108333714306355,-0.0871353149414063,-0.0401143431663513,0.144699403222739
41.837820152,-0.164880037307739,-0.102970123291016,0.0189126133918762,0.195309907425299
41.842574788,-0.147545352578163,-0.097320556640625,0.0750722289085388,0.192033229847211
41.847329423,-0.109100632369518,-0.103586196899414,0.10946249961853,0.186051302049326
41.85208411,-0.0685892850160599,-0.0410022735595703,0.100967943668365,0.128764133611369
41.856838694,-0.0473113134503365,0.0210514068603516,0.0902824401855469,0.104079013816681
41.861593381,-0.00954528898000717,0.0375137329101563,0.0962374806404114,0.103730638572121
41.866348017,0.0326560363173485,0.0158767700195313,0.109261333942413,0.115136995049761
41.871102652,0.0862693786621094,0.00391006469726563,0.110314905643463,0.1400966548773
41.875857288,0.0944318324327469,-0.0482921600341797,0.106616377830505,0.150388017205728
41.880611923,0.105027124285698,-0.0549831390380859,0.126733362674713,0.173537280228328
41.885366558,0.0635259971022606,-0.0331544876098633,0.130189836025238,0.148607421620817
41.890121194,0.0201119408011436,-0.0376205444335938,0.164632439613342,0.170069502555013
41.894875829,0.0125876888632774,-0.0325679779052734,0.158566474914551,0.162365175030189
41.899630465,0.000304795801639557,-0.0465488433837891,0.138427019119263,0.14604426501268
41.9043851,0.0189445316791534,-0.0200872421264648,0.113821625709534,0.117122820389328
41.909139735,0.016107939183712,-0.0128335952758789,0.127438068389893,0.129091549480972
41.913894371,-0.0127096325159073,-0.0293693542480469,0.093543291091919,0.0988657728232787
41.918649006,-0.0626601427793503,-0.0196695327758789,0.0456932783126831,0.0800066228240529
41.923403642,-0.0505771562457085,-0.0361452102661133,0.0314006805419922,0.069645729930733
41.928158277,-0.0291139706969261,-0.059596061706543,0.0171693563461304,0.0685135071209463
41.932912913,-0.00546179711818695,-0.0662469863891602,-0.00400477647781372,0.0665922868509789
41.937667548,-0.0104831829667091,-0.0396308898925781,-0.0154555439949036,0.0438107110073501
41.942422183,0.0273113697767258,0.0128574371337891,-0.033871054649353,0.0453703973069429
41.947176819,0.0434469133615494,0.0577917098999023,-0.075858473777771,0.104795152834915
41.951931454,0.0903068408370018,0.0762605667114258,-0.0891366600990295,0.148041695851937
41.95668609,0.0894517004489899,0.0756015777587891,-0.11896812915802,0.16694496406958
41.961440725,0.0863023847341538,0.0180149078369141,-0.103583216667175,0.136022502882036
41.96619536,0.066651739180088,-0.0129842758178711,-0.0528485774993897,0.0860466030587729
41.970949996,0.0567835420370102,-0.053217887878418,-0.0356954336166382,0.0856193799182673
41.975704631,0.00666267424821854,-0.0195703506469727,-0.00201994180679321,0.0207718563803568
41.980459267,-0.0240689888596535,0.00905227661132813,0.0503552556037903,0.0565412389632308
41.985213902,-0.0450066849589348,0.0350637435913086,0.0429770350456238,0.0714289391419375
41.989968538,-0.0634020641446114,0.0276422500610352,0.00244301557540894,0.0692089882265006
41.994723173,-0.0935169234871864,-0.0105524063110352,0.0190753936767578,0.0960241579051061
41.999477808,-0.0854802578687668,-0.0484247207641602,0.0165307521820068,0.0996247651645949
42.004232444,-0.0823175236582756,-0.088353157043457,0.0377331972122192,0.126515806256107
42.008987079,-0.100482866168022,-0.0899972915649414,0.122933566570282,0.182507481139968
42.013741715,-0.142232865095139,-0.0560426712036133,0.114946782588959,0.191268742183247
42.01849635,-0.145734429359436,-0.0176353454589844,0.0715502500534058,0.163306361152538
42.023251038,-0.127986043691635,0.0228290557861328,0.0616734623908997,0.143893047542976
42.028005621,-0.0748056098818779,0.0321111679077148,0.0922127962112427,0.123004902988838
42.032760308,-0.0671012997627258,0.0769004821777344,0.0798460245132446,0.129582623139003
42.037514944,-0.0642209425568581,0.104708671569824,0.0248732566833496,0.125327228736793
42.042269579,-0.0662284642457962,0.091954231262207,0.0367351174354553,0.119127070711811
42.047024215,0.0407987907528877,0.0626916885375977,0.0295729041099548,0.0804322435102345
42.05177885,0.101829886436462,0.0716400146484375,0.0295290946960449,0.127959309563858
42.056533485,0.126733869314194,0.0757684707641602,-0.00847935676574707,0.147899405963808
42.061288121,0.0992322713136673,0.101225852966309,-0.0771288275718689,0.161377114305087
42.066042756,0.0387149751186371,0.10512638092041,-0.109727382659912,0.156813595613565
42.070797392,0.0379427522420883,0.130356788635254,-0.0852209329605103,0.160297074850605
42.075552027,0.0418893769383431,0.0913238525390625,-0.0728933215141296,0.124129779924969
42.080306663,0.0221007168292999,0.0739717483520508,-0.101001024246216,0.127127763047309
42.085061298,-0.063866414129734,0.0211830139160156,-0.185928463935852,0.197729695882794
42.089815933,-0.122875533998013,-0.000308990478515625,-0.18958967924118,0.225926401301809
42.094570569,-0.13386407494545,-0.0405988693237305,-0.107860326766968,0.176640054465694
42.099325204,-0.144741907715797,-0.0758028030395508,-0.0695745944976807,0.177586342372881
42.10407984,-0.138977527618408,-0.0917320251464844,-0.052961528301239,0.174741068728572
42.108834475,-0.119086995720863,-0.0980396270751953,-0.0222514867782593,0.155848033964845
42.11358911,-0.0947402715682983,-0.0805683135986328,-0.0178972482681274,0.12564745802655
42.118343746,-0.103936746716499,-0.0252866744995117,-0.00877803564071655,0.107328081763179
42.123098381,-0.0965666323900223,0.0319013595581055,-0.0234047770500183,0.10435801273293
42.127853017,-0.0584088191390038,0.0601415634155273,0.00479835271835327,0.0839739363855624
42.132607652,-0.0418754741549492,0.0359535217285156,0.0184727311134338,0.0582018286239693
42.137362288,-0.0491589978337288,0.0309524536132813,0.0319753289222717,0.0663105052943072
42.142116923,-0.0374103114008904,-0.000095367431640625,0.0523685216903687,0.064358391512632
42.146871558,-0.0234485939145088,-0.0213937759399414,0.0891997814178467,0.0946790959532651
42.151626194,-0.00973150879144669,-0.0211668014526367,0.0925626754760742,0.0954493825982252
42.156380829,0.0156727582216263,-0.0114622116088867,0.0746570229530335,0.0771407072916124
42.161135465,0.0290589854121208,0.00527667999267578,0.0522123575210571,0.0599866507052498
42.1658901,0.0329048112034798,0.0242433547973633,0.0608564019203186,0.0733073564306806
42.170644735,0.0250212252140045,0.0383081436157227,0.126371383666992,0.134399784926922
42.175399371,0.0267361849546433,0.0498790740966797,0.162924289703369,0.172473388654651
42.180154006,0.00937440991401672,0.0233955383300781,0.146915256977081,0.1490614755986
42.184908642,0.0181749686598778,0.0113687515258789,0.154763996601105,0.156241712231374
42.189663277,0.0434438213706017,-0.000563621520996094,0.108032584190369,0.116441927720855
42.194417913,0.115944966673851,-0.0385055541992188,0.0997658967971802,0.157731249804644
42.199172548,0.126267001032829,-0.00970077514648438,0.0773894190788269,0.148413553200594
42.203927183,0.0915512666106224,0.0425910949707031,-0.0159783363342285,0.102229853862864
42.208681819,0.0951115563511848,0.0612306594848633,-0.0729762315750122,0.13461401185384
42.213436506,0.105670779943466,0.044133186340332,-0.0702949166297913,0.134370484759118
42.21819109,0.0876850411295891,0.00108051300048828,-0.0771251916885376,0.116782400811234
42.222945777,0.0390862450003624,-0.0226373672485352,-0.0862123370170593,0.0973280637746196
42.227700413,-0.0636164546012878,-0.031916618347168,-0.090535044670105,0.115162138466487
42.232455048,-0.113270126283169,-0.0150203704833984,-0.0497418642044067,0.124619364836261
42.237209683,-0.12455753237009,0.00174140930175781,-0.0164642930030823,0.12565303148183
42.241964319,-0.0764593333005905,-0.00536441802978516,0.00704348087310791,0.0769702361460514
42.246718954,-0.0168712139129639,0.00182723999023438,-0.000491321086883545,0.0169769862251612
42.25147359,0.0304464399814606,-0.0100173950195313,-0.0459845066070557,0.0560527319442715
42.256228225,0.0703087598085403,-0.0312433242797852,-0.0532500147819519,0.0935683231235065
42.26098286,0.0980050563812256,-0.0522928237915039,-0.039098858833313,0.117763539597126
42.265737444,0.161156237125397,-0.0921459197998047,-0.0440436601638794,0.190793205593911
42.270492131,0.171788036823273,-0.0747337341308594,-0.0464581251144409,0.193014553860286
42.275246767,0.158814713358879,-0.0479745864868164,-0.0298683643341064,0.168569846994766
42.280001402,0.103385142982006,-0.0000886917114257813,0.0174864530563355,0.104853572643573
42.284756038,0.031761959195137,0.00468540191650391,0.0312872529029846,0.044829312254908
42.289510673,-0.00367961078882217,-0.0309162139892578,0.0971707105636597,0.102036752273058
42.294265308,-0.0056382529437542,-0.0424995422363281,0.148324251174927,0.154395869352642
42.299019944,-0.00524227321147919,-0.0350151062011719,0.192044734954834,0.195281128925904
42.303774579,-0.0285585075616837,-0.0228567123413086,0.188059031963348,0.191583446978584
42.308529215,-0.0231815576553345,0.00580501556396484,0.160434782505035,0.162204815768409
42.31328385,0.00110694020986557,0.00575542449951172,0.161510407924652,0.161616713540974
42.318038485,0.0394089296460152,-0.00616741180419922,0.179297864437103,0.183681313409702
42.322793121,0.103537611663342,-0.0488500595092773,0.199479699134827,0.229996773259822
42.327547756,0.105660654604435,-0.0366086959838867,0.124643802642822,0.167452823476767
42.332302392,0.0651771053671837,-0.0173501968383789,0.0409414768218994,0.0789005001171323
42.337057027,0.0488291159272194,-0.0172338485717773,0.0647065043449402,0.0828747235492858
42.341811663,0.0966416224837303,-0.0527133941650391,0.126294076442719,0.167536559786829
42.346566298,0.129995375871658,-0.0499534606933594,0.0689643025398254,0.155403413759355
42.351320933,0.0897467955946922,-0.011631965637207,-0.011557400226593,0.0912324692425799
42.356075569,0.0475328490138054,0.00502395629882813,-0.0416383147239685,0.0633905444472124
42.360830204,0.0223090127110481,0.080866813659668,-0.00277352333068848,0.0839334619283337
42.36558484,0.0232956483960152,0.122859001159668,0.0239053964614868,0.127312565680387
42.370339475,0.00753210484981537,0.159761428833008,-0.0707010626792908,0.174868770826051
42.37509411,-0.0154182016849518,0.134681701660156,-0.131475210189819,0.188845472807082
42.379848746,0.00683137029409409,0.102701187133789,-0.1183061003685,0.156813694692734
42.384603381,-0.00902446359395981,0.0615034103393555,-0.159875690937042,0.171535264535099
42.389358017,-0.0483556166291237,0.0633678436279297,-0.172740578651428,0.190244728648304
42.394112652,-0.066089354455471,0.0960731506347656,-0.173803448677063,0.209297615412292
42.398867288,-0.0125655755400658,0.0763263702392578,-0.201180458068848,0.215539289205808
42.403621923,0.0143484622240067,0.0567598342895508,-0.216632485389709,0.224404079470258
42.408376558,0.0196666866540909,0.00177574157714844,-0.22020298242569,0.221086601338181
42.413131194,-0.0367285758256912,-0.0171661376953125,-0.202331125736237,0.206352971888584
42.417885829,-0.128124922513962,-0.0383157730102539,-0.158565640449524,0.207429883482949
42.422640465,-0.22356191277504,-0.0284357070922852,-0.0796887874603272,0.23903727978784
42.427395152,-0.273247063159943,-0.0281248092651367,-0.0371162891387939,0.277186906871823
42.432149735,-0.265698343515396,-0.0112085342407227,-0.0257436037063599,0.267177794957667
42.436904371,-0.236987218260765,0.00320339202880859,-0.0145806670188904,0.237456941760357
42.441659006,-0.220454975962639,0.0435934066772461,0.00835055112838745,0.224878885706425
42.446413642,-0.194589495658875,0.0480585098266602,-0.0187367796897888,0.201310106802113
42.451168329,-0.166623771190643,0.0762147903442383,-0.271056056022644,0.327175122678297
42.455922965,0.29292631149292,0.00457477569580078,-1.96011090278625,1.9818833224383
42.4606776,0.500269889831543,-0.0922985076904297,1.01216745376587,1.13281593017437
42.465432235,-0.721796870231628,0.0605688095092773,1.6321302652359,1.78563952276504
42.470186871,-0.682360470294952,-0.0894908905029297,-0.587108671665192,0.904610978956492
42.474941506,-0.24122878909111,-0.0697212219238281,-0.60181725025177,0.652101510635819
42.479696142,-0.22127141058445,-0.00250911712646484,0.468491971492767,0.518123595451864
42.484450777,-0.388505727052689,0.12816047668457,0.811528980731964,0.908813013938849
42.489205413,-0.430945962667465,0.191195487976074,0.424604296684265,0.634475331375883
42.493960048,-0.269465208053589,0.187231063842773,0.0650179982185364,0.334506068272918
42.498714683,-0.0788982212543488,0.15010929107666,0.066346287727356,0.182097661928534
42.503469319,0.000908389687538147,0.0967130661010742,0.25244128704071,0.270334692056468
42.508223954,0.0681957900524139,-0.00133705139160156,0.178596973419189,0.191178796946187
42.51297859,0.177788883447647,-0.0819873809814453,-0.10550582408905,0.222401206459109
42.517733225,0.258234024047852,-0.100257873535156,-0.247417628765106,0.371418814016584
42.52248786,0.236388012766838,0.0264081954956055,-0.281939625740051,0.368872115958402
42.527242496,0.231425032019615,-0.0330114364624023,0.108134508132935,0.257566248238667
42.531997131,0.174387380480766,-0.108562469482422,0.106075823307037,0.231190070161612
42.536751767,0.158185228705406,-0.119447708129883,0.00941628217697144,0.198441396709708
42.541506402,0.191948622465134,-0.113640785217285,-0.0294367671012878,0.225000055529858
